 1.00000000000000E+0003	 7.20743938859971E-0001
 1.00100000000000E+0003	 1.50685635409344E+0000
 1.00200000000000E+0003	 2.50081287335991E+0000
 1.00300000000000E+0003	 3.56942569766853E+0000
 1.00400000000000E+0003	 4.64802276767357E+0000
 1.00500000000000E+0003	 5.72136372569752E+0000
 1.00600000000000E+0003	 6.78826665280865E+0000
 1.00700000000000E+0003	 7.84915967280771E+0000
 1.00800000000000E+0003	 8.90420556192216E+0000
 1.00900000000000E+0003	 9.95345459111827E+0000
 1.01000000000000E+0003	 1.09968725798362E+0001
 1.01100000000000E+0003	 1.20344802014294E+0001
 1.01200000000000E+0003	 1.30662977930519E+0001
 1.01300000000000E+0003	 1.40923749282319E+0001
 1.01400000000000E+0003	 1.51133547355373E+0001
 1.01500000000000E+0003	 1.61317181907874E+0001
 1.01600000000000E+0003	 1.71533562080793E+0001
 1.01700000000000E+0003	 1.81866639354479E+0001
 1.01800000000000E+0003	 1.92390050267359E+0001
 1.01900000000000E+0003	 2.03139697374746E+0001
 1.02000000000000E+0003	 2.14127373338698E+0001
 1.02100000000000E+0003	 2.25354650277348E+0001
 1.02200000000000E+0003	 2.36822457396927E+0001
 1.02300000000000E+0003	 2.48530551472361E+0001
 1.02400000000000E+0003	 2.60479921969565E+0001
 1.02500000000000E+0003	 2.72669565185691E+0001
 1.02600000000000E+0003	 2.85101164174165E+0001
 1.02700000000000E+0003	 2.97774896672827E+0001
 1.02800000000000E+0003	 3.10688959045420E+0001
 1.02900000000000E+0003	 3.23845377483717E+0001
 1.03000000000000E+0003	 3.37244364487626E+0001
 1.03100000000000E+0003	 3.50884505530060E+0001
 1.03200000000000E+0003	 3.64749098400943E+0001
 1.03300000000000E+0003	 3.78779636595734E+0001
 1.03400000000000E+0003	 3.92839315952506E+0001
 1.03500000000000E+0003	 4.06740885462161E+0001
 1.03600000000000E+0003	 4.20333033195764E+0001
 1.03700000000000E+0003	 4.33542711774876E+0001
 1.03800000000000E+0003	 4.46346569024422E+0001
 1.03900000000000E+0003	 4.58742595670356E+0001
 1.04000000000000E+0003	 4.70728377811039E+0001
 1.04100000000000E+0003	 4.82305055222130E+0001
 1.04200000000000E+0003	 4.93471448047822E+0001
 1.04300000000000E+0003	 5.04225609002697E+0001
 1.04400000000000E+0003	 5.14567586801747E+0001
 1.04500000000000E+0003	 5.24499413653387E+0001
 1.04600000000000E+0003	 5.34014739644825E+0001
 1.04700000000000E+0003	 5.43117350882431E+0001
 1.04800000000000E+0003	 5.51807634297711E+0001
 1.04900000000000E+0003	 5.60088586010904E+0001
 1.05000000000000E+0003	 5.67980330845066E+0001
 1.05100000000000E+0003	 5.75575420275716E+0001
 1.05200000000000E+0003	 5.83083453400936E+0001
 1.05300000000000E+0003	 5.90801411717436E+0001
 1.05400000000000E+0003	 5.98984410624574E+0001
 1.05500000000000E+0003	 6.07753794639941E+0001
 1.05600000000000E+0003	 6.17150417063978E+0001
 1.05700000000000E+0003	 6.27184214558776E+0001
 1.05800000000000E+0003	 6.37849565099720E+0001
 1.05900000000000E+0003	 6.49145370660390E+0001
 1.06000000000000E+0003	 6.61086735648754E+0001
 1.06100000000000E+0003	 6.73665128361829E+0001
 1.06200000000000E+0003	 6.86878525620824E+0001
 1.06300000000000E+0003	 7.00734758968252E+0001
 1.06400000000000E+0003	 7.15227464874145E+0001
 1.06500000000000E+0003	 7.30361659119192E+0001
 1.06600000000000E+0003	 7.46137143789541E+0001
 1.06700000000000E+0003	 7.62550579652770E+0001
 1.06800000000000E+0003	 7.79594470367965E+0001
 1.06900000000000E+0003	 7.97207528131865E+0001
 1.07000000000000E+0003	 8.15251164693352E+0001
 1.07100000000000E+0003	 8.33491284656419E+0001
 1.07200000000000E+0003	 8.51697978809712E+0001
 1.07300000000000E+0003	 8.69770556480956E+0001
 1.07400000000000E+0003	 8.87653065044266E+0001
 1.07500000000000E+0003	 9.05344278080914E+0001
 1.07600000000000E+0003	 9.22838093566687E+0001
 1.07700000000000E+0003	 9.40136436792075E+0001
 1.07800000000000E+0003	 9.57239880018802E+0001
 1.07900000000000E+0003	 9.74144435297229E+0001
 1.08000000000000E+0003	 9.90850275518723E+0001
 1.08100000000000E+0003	 1.00736566709257E+0002
 1.08200000000000E+0003	 1.02368164222031E+0002
 1.08300000000000E+0003	 1.03979961813376E+0002
 1.08400000000000E+0003	 1.05572680349211E+0002
 1.08500000000000E+0003	 1.07186377377798E+0002
 1.08600000000000E+0003	 1.09179878278152E+0002
 1.08700000000000E+0003	 1.13438180125790E+0002
 1.08800000000000E+0003	 1.25971831920953E+0002
 1.08900000000000E+0003	 1.58176708809129E+0002
 1.09000000000000E+0003	 2.22237167733937E+0002
 1.09100000000000E+0003	 3.23139457714476E+0002
 1.09200000000000E+0003	 4.55004229791801E+0002
 1.09300000000000E+0003	 6.03826845540709E+0002
 1.09400000000000E+0003	 7.53408004531290E+0002
 1.09500000000000E+0003	 8.90482402691008E+0002
 1.09600000000000E+0003	 1.00707969455388E+0003
 1.09700000000000E+0003	 1.10040036610666E+0003
 1.09800000000000E+0003	 1.17162608350102E+0003
 1.09900000000000E+0003	 1.22399124240988E+0003
 1.10000000000000E+0003	 1.26116132208603E+0003
 1.10100000000000E+0003	 1.28697100627663E+0003
 1.10200000000000E+0003	 1.30535687992792E+0003
 1.10300000000000E+0003	 1.31938793818827E+0003
 1.10400000000000E+0003	 1.33054483962127E+0003
 1.10500000000000E+0003	 1.33924178929093E+0003
 1.10600000000000E+0003	 1.34577411036048E+0003
 1.10700000000000E+0003	 1.35058992780000E+0003
 1.10800000000000E+0003	 1.35433461403700E+0003
 1.10900000000000E+0003	 1.35768832215855E+0003
 1.11000000000000E+0003	 1.36093842668061E+0003
 1.11100000000000E+0003	 1.36419870255823E+0003
 1.11200000000000E+0003	 1.36750226781922E+0003
 1.11300000000000E+0003	 1.37079281180827E+0003
 1.11400000000000E+0003	 1.37402861685251E+0003
 1.11500000000000E+0003	 1.37716988738129E+0003
 1.11600000000000E+0003	 1.38018463044644E+0003
 1.11700000000000E+0003	 1.38304399460045E+0003
 1.11800000000000E+0003	 1.38578508649293E+0003
 1.11900000000000E+0003	 1.38840264056204E+0003
 1.12000000000000E+0003	 1.39096918270178E+0003
 1.12100000000000E+0003	 1.39355263983822E+0003
 1.12200000000000E+0003	 1.39618488447766E+0003
 1.12300000000000E+0003	 1.39890456659759E+0003
 1.12400000000000E+0003	 1.40170083263253E+0003
 1.12500000000000E+0003	 1.40459081088727E+0003
 1.12600000000000E+0003	 1.40762397331183E+0003
 1.12700000000000E+0003	 1.41082636496077E+0003
 1.12800000000000E+0003	 1.41420959177456E+0003
 1.12900000000000E+0003	 1.41781575157290E+0003
 1.13000000000000E+0003	 1.42174482967886E+0003
 1.13100000000000E+0003	 1.42625271561750E+0003
 1.13200000000000E+0003	 1.43215822410728E+0003
 1.13300000000000E+0003	 1.44057122838545E+0003
 1.13400000000000E+0003	 1.45251333422495E+0003
 1.13500000000000E+0003	 1.46855579219189E+0003
 1.13600000000000E+0003	 1.48879140742722E+0003
 1.13700000000000E+0003	 1.51319766384491E+0003
 1.13800000000000E+0003	 1.54147723583192E+0003
 1.13900000000000E+0003	 1.57309782003387E+0003
 1.14000000000000E+0003	 1.60756234195718E+0003
 1.14100000000000E+0003	 1.64452861949020E+0003
 1.14200000000000E+0003	 1.68382346383852E+0003
 1.14300000000000E+0003	 1.72517248871132E+0003
 1.14400000000000E+0003	 1.76753308672204E+0003
 1.14500000000000E+0003	 1.80898753841553E+0003
 1.14600000000000E+0003	 1.84712685126371E+0003
 1.14700000000000E+0003	 1.88023967001952E+0003
 1.14800000000000E+0003	 1.90760207964480E+0003
 1.14900000000000E+0003	 1.92910536673856E+0003
 1.15000000000000E+0003	 1.94519749143942E+0003
 1.15100000000000E+0003	 1.95692421779254E+0003
 1.15200000000000E+0003	 1.96581221906484E+0003
 1.15300000000000E+0003	 1.97312040370925E+0003
 1.15400000000000E+0003	 1.97951794480089E+0003
 1.15500000000000E+0003	 1.98522904193249E+0003
 1.15600000000000E+0003	 1.99030423966335E+0003
 1.15700000000000E+0003	 1.99482216231786E+0003
 1.15800000000000E+0003	 1.99895821626714E+0003
 1.15900000000000E+0003	 2.00283466842493E+0003
 1.16000000000000E+0003	 2.00657339646877E+0003
 1.16100000000000E+0003	 2.01016656841826E+0003
 1.16200000000000E+0003	 2.01364746494773E+0003
 1.16300000000000E+0003	 2.01698498207428E+0003
 1.16400000000000E+0003	 2.02022237330801E+0003
 1.16500000000000E+0003	 2.02331721851138E+0003
 1.16600000000000E+0003	 2.02629416276811E+0003
 1.16700000000000E+0003	 2.02912780731998E+0003
 1.16800000000000E+0003	 2.03184620443117E+0003
 1.16900000000000E+0003	 2.03443495844005E+0003
 1.17000000000000E+0003	 2.03693455419353E+0003
 1.17100000000000E+0003	 2.03933344545048E+0003
 1.17200000000000E+0003	 2.04167800463666E+0003
 1.17300000000000E+0003	 2.04396566137913E+0003
 1.17400000000000E+0003	 2.04618396200758E+0003
 1.17500000000000E+0003	 2.04837036633062E+0003
 1.17600000000000E+0003	 2.05049010685719E+0003
 1.17700000000000E+0003	 2.05255623815253E+0003
 1.17800000000000E+0003	 2.05455760457762E+0003
 1.17900000000000E+0003	 2.05652795592369E+0003
 1.18000000000000E+0003	 2.05842893356484E+0003
 1.18100000000000E+0003	 2.06026557924896E+0003
 1.18200000000000E+0003	 2.06205817633544E+0003
 1.18300000000000E+0003	 2.06381470071639E+0003
 1.18400000000000E+0003	 2.06556867950265E+0003
 1.18500000000000E+0003	 2.06735006591901E+0003
 1.18600000000000E+0003	 2.06912695471484E+0003
 1.18700000000000E+0003	 2.07096949098626E+0003
 1.18800000000000E+0003	 2.07284661450329E+0003
 1.18900000000000E+0003	 2.07474148592314E+0003
 1.19000000000000E+0003	 2.07670971872121E+0003
 1.19100000000000E+0003	 2.07870453770562E+0003
 1.19200000000000E+0003	 2.08072085266338E+0003
 1.19300000000000E+0003	 2.08280400675335E+0003
 1.19400000000000E+0003	 2.08489275790898E+0003
 1.19500000000000E+0003	 2.08701608733535E+0003
 1.19600000000000E+0003	 2.08912858554954E+0003
 1.19700000000000E+0003	 2.09115017750550E+0003
 1.19800000000000E+0003	 2.09309251089050E+0003
 1.19900000000000E+0003	 2.09490763755807E+0003
 1.20000000000000E+0003	 2.09660122334072E+0003
 1.20100000000000E+0003	 2.09819786341884E+0003
 1.20200000000000E+0003	 2.09965336948380E+0003
 1.20300000000000E+0003	 2.10102191252893E+0003
 1.20400000000000E+0003	 2.10226592272982E+0003
 1.20500000000000E+0003	 2.10338992664889E+0003
 1.20600000000000E+0003	 2.10443152142443E+0003
 1.20700000000000E+0003	 2.10535336954171E+0003
 1.20800000000000E+0003	 2.10621008923458E+0003
 1.20900000000000E+0003	 2.10704692709603E+0003
 1.21000000000000E+0003	 2.10791251388291E+0003
 1.21100000000000E+0003	 2.10885422703239E+0003
 1.21200000000000E+0003	 2.10989216501523E+0003
 1.21300000000000E+0003	 2.11102580270339E+0003
 1.21400000000000E+0003	 2.11224485851839E+0003
 1.21500000000000E+0003	 2.11358551101741E+0003
 1.21600000000000E+0003	 2.11499064890945E+0003
 1.21700000000000E+0003	 2.11651383611024E+0003
 1.21800000000000E+0003	 2.11811272955048E+0003
 1.21900000000000E+0003	 2.11982305383734E+0003
 1.22000000000000E+0003	 2.12160806456868E+0003
 1.22100000000000E+0003	 2.12346931772081E+0003
 1.22200000000000E+0003	 2.12535485690250E+0003
 1.22300000000000E+0003	 2.12727388715818E+0003
 1.22400000000000E+0003	 2.12916892011628E+0003
 1.22500000000000E+0003	 2.13101891910766E+0003
 1.22600000000000E+0003	 2.13285301128993E+0003
 1.22700000000000E+0003	 2.13465959102055E+0003
 1.22800000000000E+0003	 2.13644912329966E+0003
 1.22900000000000E+0003	 2.13824063222026E+0003
 1.23000000000000E+0003	 2.13999054312647E+0003
 1.23100000000000E+0003	 2.14168098820347E+0003
 1.23200000000000E+0003	 2.14337702986656E+0003
 1.23300000000000E+0003	 2.14505985967909E+0003
 1.23400000000000E+0003	 2.14673182792045E+0003
 1.23500000000000E+0003	 2.14846418319027E+0003
 1.23600000000000E+0003	 2.15029427166404E+0003
 1.23700000000000E+0003	 2.15223676777417E+0003
 1.23800000000000E+0003	 2.15437541686474E+0003
 1.23900000000000E+0003	 2.15665473645482E+0003
 1.24000000000000E+0003	 2.15910769238866E+0003
 1.24100000000000E+0003	 2.16171975347180E+0003
 1.24200000000000E+0003	 2.16449796692530E+0003
 1.24300000000000E+0003	 2.16742114972496E+0003
 1.24400000000000E+0003	 2.17050816894821E+0003
 1.24500000000000E+0003	 2.17377659321922E+0003
 1.24600000000000E+0003	 2.17719893751848E+0003
 1.24700000000000E+0003	 2.18073707775205E+0003
 1.24800000000000E+0003	 2.18436206830037E+0003
 1.24900000000000E+0003	 2.18797246560246E+0003
 1.25000000000000E+0003	 2.19149144051557E+0003
 1.25100000000000E+0003	 2.19493653452397E+0003
 1.25200000000000E+0003	 2.19822314023635E+0003
 1.25300000000000E+0003	 2.20141665110848E+0003
 1.25400000000000E+0003	 2.20446502130562E+0003
 1.25500000000000E+0003	 2.20737293177414E+0003
 1.25600000000000E+0003	 2.21016233783757E+0003
 1.25700000000000E+0003	 2.21282424723470E+0003
 1.25800000000000E+0003	 2.21536377463653E+0003
 1.25900000000000E+0003	 2.21778886643767E+0003
 1.26000000000000E+0003	 2.22007784554322E+0003
 1.26100000000000E+0003	 2.22234662933375E+0003
 1.26200000000000E+0003	 2.22462500118084E+0003
 1.26300000000000E+0003	 2.22699602585555E+0003
 1.26400000000000E+0003	 2.22951611713826E+0003
 1.26500000000000E+0003	 2.23217319418067E+0003
 1.26600000000000E+0003	 2.23499001484932E+0003
 1.26700000000000E+0003	 2.23794352214619E+0003
 1.26800000000000E+0003	 2.24105808017346E+0003
 1.26900000000000E+0003	 2.24433584634791E+0003
 1.27000000000000E+0003	 2.24776567704504E+0003
 1.27100000000000E+0003	 2.25135778336488E+0003
 1.27200000000000E+0003	 2.25511664998540E+0003
 1.27300000000000E+0003	 2.25901548246067E+0003
 1.27400000000000E+0003	 2.26298922216405E+0003
 1.27500000000000E+0003	 2.26693210776192E+0003
 1.27600000000000E+0003	 2.27072041882715E+0003
 1.27700000000000E+0003	 2.27426149485716E+0003
 1.27800000000000E+0003	 2.27755780961905E+0003
 1.27900000000000E+0003	 2.28064777709837E+0003
 1.28000000000000E+0003	 2.28363313986110E+0003
 1.28100000000000E+0003	 2.28681300260008E+0003
 1.28200000000000E+0003	 2.29061546519238E+0003
 1.28300000000000E+0003	 2.29544951960327E+0003
 1.28400000000000E+0003	 2.30151450599626E+0003
 1.28500000000000E+0003	 2.30886009606083E+0003
 1.28600000000000E+0003	 2.31745909676751E+0003
 1.28700000000000E+0003	 2.32711884169514E+0003
 1.28800000000000E+0003	 2.33743444923282E+0003
 1.28900000000000E+0003	 2.34789405898044E+0003
 1.29000000000000E+0003	 2.35814914231989E+0003
 1.29100000000000E+0003	 2.36800257296523E+0003
 1.29200000000000E+0003	 2.37742123732192E+0003
 1.29300000000000E+0003	 2.38637364436501E+0003
 1.29400000000000E+0003	 2.39489821677446E+0003
 1.29500000000000E+0003	 2.40298592715437E+0003
 1.29600000000000E+0003	 2.41063387631828E+0003
 1.29700000000000E+0003	 2.41789467108427E+0003
 1.29800000000000E+0003	 2.42487969020279E+0003
 1.29900000000000E+0003	 2.43178904883513E+0003
 1.30000000000000E+0003	 2.43884228105028E+0003
 1.30100000000000E+0003	 2.44618114994875E+0003
 1.30200000000000E+0003	 2.45383415711292E+0003
 1.30300000000000E+0003	 2.46176839252853E+0003
 1.30400000000000E+0003	 2.46997156572274E+0003
 1.30500000000000E+0003	 2.47842181774300E+0003
 1.30600000000000E+0003	 2.48711850368576E+0003
 1.30700000000000E+0003	 2.49608978215823E+0003
 1.30800000000000E+0003	 2.50529749621424E+0003
 1.30900000000000E+0003	 2.51475567361539E+0003
 1.31000000000000E+0003	 2.52445466377834E+0003
 1.31100000000000E+0003	 2.53439040356130E+0003
 1.31200000000000E+0003	 2.54458601073056E+0003
 1.31300000000000E+0003	 2.55499521127482E+0003
 1.31400000000000E+0003	 2.56564886614234E+0003
 1.31500000000000E+0003	 2.57653747257931E+0003
 1.31600000000000E+0003	 2.58764300911217E+0003
 1.31700000000000E+0003	 2.59895371356388E+0003
 1.31800000000000E+0003	 2.61048191586570E+0003
 1.31900000000000E+0003	 2.62222027903163E+0003
 1.32000000000000E+0003	 2.63417607024753E+0003
 1.32100000000000E+0003	 2.64633516125271E+0003
 1.32200000000000E+0003	 2.65871307990022E+0003
 1.32300000000000E+0003	 2.67130541332178E+0003
 1.32400000000000E+0003	 2.68412247942565E+0003
 1.32500000000000E+0003	 2.69717766860305E+0003
 1.32600000000000E+0003	 2.71043697859144E+0003
 1.32700000000000E+0003	 2.72403194810929E+0003
 1.32800000000000E+0003	 2.73813168735518E+0003
 1.32900000000000E+0003	 2.75306957119784E+0003
 1.33000000000000E+0003	 2.76917484947425E+0003
 1.33100000000000E+0003	 2.78658752370901E+0003
 1.33200000000000E+0003	 2.80542618056550E+0003
 1.33300000000000E+0003	 2.82564824447880E+0003
 1.33400000000000E+0003	 2.84729169464788E+0003
 1.33500000000000E+0003	 2.87035145764368E+0003
 1.33600000000000E+0003	 2.89482852326706E+0003
 1.33700000000000E+0003	 2.92071878719926E+0003
 1.33800000000000E+0003	 2.94802755303693E+0003
 1.33900000000000E+0003	 2.97677208324417E+0003
 1.34000000000000E+0003	 3.00706178938298E+0003
 1.34100000000000E+0003	 3.03933496991125E+0003
 1.34200000000000E+0003	 3.07462586201510E+0003
 1.34300000000000E+0003	 3.11429820578269E+0003
 1.34400000000000E+0003	 3.15978917540227E+0003
 1.34500000000000E+0003	 3.21255497460399E+0003
 1.34600000000000E+0003	 3.27424054249393E+0003
 1.34700000000000E+0003	 3.34570816838382E+0003
 1.34800000000000E+0003	 3.42545077203883E+0003
 1.34900000000000E+0003	 3.50870582077073E+0003
 1.35000000000000E+0003	 3.58907489146495E+0003
 1.35100000000000E+0003	 3.66181825394161E+0003
 1.35200000000000E+0003	 3.72502017401617E+0003
 1.35300000000000E+0003	 3.77856711533185E+0003
 1.35400000000000E+0003	 3.82302671123319E+0003
 1.35500000000000E+0003	 3.85961986236322E+0003
 1.35600000000000E+0003	 3.89018780905866E+0003
 1.35700000000000E+0003	 3.91733908678546E+0003
 1.35800000000000E+0003	 3.94287717534593E+0003
 1.35900000000000E+0003	 3.96828841103991E+0003
 1.36000000000000E+0003	 3.99501623424374E+0003
 1.36100000000000E+0003	 4.02447198597908E+0003
 1.36200000000000E+0003	 4.05824591643499E+0003
 1.36300000000000E+0003	 4.09826869449685E+0003
 1.36400000000000E+0003	 4.14657268162770E+0003
 1.36500000000000E+0003	 4.20450764526240E+0003
 1.36600000000000E+0003	 4.27255657962437E+0003
 1.36700000000000E+0003	 4.35093696309282E+0003
 1.36800000000000E+0003	 4.43992080210595E+0003
 1.36900000000000E+0003	 4.54031419006757E+0003
 1.37000000000000E+0003	 4.65342248480421E+0003
 1.37100000000000E+0003	 4.78035748627268E+0003
 1.37200000000000E+0003	 4.92084845095511E+0003
 1.37300000000000E+0003	 5.07268241178860E+0003
 1.37400000000000E+0003	 5.23249288218235E+0003
 1.37500000000000E+0003	 5.39681180434910E+0003
 1.37600000000000E+0003	 5.56195406426570E+0003
 1.37700000000000E+0003	 5.72348398293319E+0003
 1.37800000000000E+0003	 5.87709492774197E+0003
 1.37900000000000E+0003	 6.01983246939429E+0003
 1.38000000000000E+0003	 6.14958831119639E+0003
 1.38100000000000E+0003	 6.26487226893920E+0003
 1.38200000000000E+0003	 6.36520759428898E+0003
 1.38300000000000E+0003	 6.45211398156140E+0003
 1.38400000000000E+0003	 6.52867769021304E+0003
 1.38500000000000E+0003	 6.59799225871324E+0003
 1.38600000000000E+0003	 6.66192820765939E+0003
 1.38700000000000E+0003	 6.72101079734744E+0003
 1.38800000000000E+0003	 6.77543541616380E+0003
 1.38900000000000E+0003	 6.82526197810736E+0003
 1.39000000000000E+0003	 6.87059453102169E+0003
 1.39100000000000E+0003	 6.91172665633465E+0003
 1.39200000000000E+0003	 6.94877368921818E+0003
 1.39300000000000E+0003	 6.98196520995462E+0003
 1.39400000000000E+0003	 7.01123657999019E+0003
 1.39500000000000E+0003	 7.03671336054581E+0003
 1.39600000000000E+0003	 7.05865620514023E+0003
 1.39700000000000E+0003	 7.07765166327556E+0003
 1.39800000000000E+0003	 7.09431166139388E+0003
 1.39900000000000E+0003	 7.11022385370613E+0003
 1.40000000000000E+0003	 7.12560718669334E+0003
 1.40100000000000E+0003	 7.14055847274287E+0003
 1.40200000000000E+0003	 7.15516584992145E+0003
 1.40300000000000E+0003	 7.16952173581400E+0003
 1.40400000000000E+0003	 7.18374294836314E+0003
 1.40500000000000E+0003	 7.19795740883529E+0003
 1.40600000000000E+0003	 7.21248791047628E+0003
 1.40700000000000E+0003	 7.22736785126378E+0003
 1.40800000000000E+0003	 7.24258780187594E+0003
 1.40900000000000E+0003	 7.25822595297741E+0003
 1.41000000000000E+0003	 7.27435944210492E+0003
 1.41100000000000E+0003	 7.29115253843334E+0003
 1.41200000000000E+0003	 7.30888291512494E+0003
 1.41300000000000E+0003	 7.32788653118657E+0003
 1.41400000000000E+0003	 7.34826194280888E+0003
 1.41500000000000E+0003	 7.37001424999140E+0003
 1.41600000000000E+0003	 7.39325434518233E+0003
 1.41700000000000E+0003	 7.41807549097915E+0003
 1.41800000000000E+0003	 7.44462712354641E+0003
 1.41900000000000E+0003	 7.47320928761135E+0003
 1.42000000000000E+0003	 7.50407575238731E+0003
 1.42100000000000E+0003	 7.53736345485092E+0003
 1.42200000000000E+0003	 7.57281068260443E+0003
 1.42300000000000E+0003	 7.61012173423818E+0003
 1.42400000000000E+0003	 7.64885312229946E+0003
 1.42500000000000E+0003	 7.68798613207469E+0003
 1.42600000000000E+0003	 7.72609608939778E+0003
 1.42700000000000E+0003	 7.76188855439526E+0003
 1.42800000000000E+0003	 7.79481108199476E+0003
 1.42900000000000E+0003	 7.82476560745765E+0003
 1.43000000000000E+0003	 7.85218479071640E+0003
 1.43100000000000E+0003	 7.87730292531504E+0003
 1.43200000000000E+0003	 7.90030378528568E+0003
 1.43300000000000E+0003	 7.92129476060814E+0003
 1.43400000000000E+0003	 7.94044771397327E+0003
 1.43500000000000E+0003	 7.95774997213889E+0003
 1.43600000000000E+0003	 7.97317679499786E+0003
 1.43700000000000E+0003	 7.98683070871842E+0003
 1.43800000000000E+0003	 7.99875123165210E+0003
 1.43900000000000E+0003	 8.00913277465456E+0003
 1.44000000000000E+0003	 8.01826288579896E+0003
 1.44100000000000E+0003	 8.02655802034600E+0003
 1.44200000000000E+0003	 8.03411694492739E+0003
 1.44300000000000E+0003	 8.04106637211422E+0003
 1.44400000000000E+0003	 8.04660248879071E+0003
 1.44500000000000E+0003	 8.05228836913602E+0003
 1.44600000000000E+0003	 8.05737803622325E+0003
 1.44700000000000E+0003	 8.06182762926722E+0003
 1.44800000000000E+0003	 8.06577249508721E+0003
 1.44900000000000E+0003	 8.06921076117462E+0003
 1.45000000000000E+0003	 8.07236494049061E+0003
 1.45100000000000E+0003	 8.07544194081079E+0003
 1.45200000000000E+0003	 8.07851458617063E+0003
 1.45300000000000E+0003	 8.08165489897607E+0003
 1.45400000000000E+0003	 8.08478330119314E+0003
 1.45500000000000E+0003	 8.08798780892826E+0003
 1.45600000000000E+0003	 8.09119142820242E+0003
 1.45700000000000E+0003	 8.09441942484868E+0003
 1.45800000000000E+0003	 8.09774378052102E+0003
 1.45900000000000E+0003	 8.10103567870950E+0003
 1.46000000000000E+0003	 8.10439334822058E+0003
 1.46100000000000E+0003	 8.10774954463249E+0003
 1.46200000000000E+0003	 8.11112991937325E+0003
 1.46300000000000E+0003	 8.11449556550956E+0003
 1.46400000000000E+0003	 8.11786854122827E+0003
 1.46500000000000E+0003	 8.12123942381736E+0003
 1.46600000000000E+0003	 8.12458119735663E+0003
 1.46700000000000E+0003	 8.12792703341626E+0003
 1.46800000000000E+0003	 8.13124961988993E+0003
 1.46900000000000E+0003	 8.13455329028128E+0003
 1.47000000000000E+0003	 8.13786247130512E+0003
 1.47100000000000E+0003	 8.14116649108636E+0003
 1.47200000000000E+0003	 8.14444902319631E+0003
 1.47300000000000E+0003	 8.14774180819729E+0003
 1.47400000000000E+0003	 8.15105057741513E+0003
 1.47500000000000E+0003	 8.15429969112012E+0003
 1.47600000000000E+0003	 8.15758119584466E+0003
 1.47700000000000E+0003	 8.16084437460163E+0003
 1.47800000000000E+0003	 8.16413217781668E+0003
 1.47900000000000E+0003	 8.16739154245116E+0003
 1.48000000000000E+0003	 8.17068793872199E+0003
 1.48100000000000E+0003	 8.17397327236759E+0003
 1.48200000000000E+0003	 8.17729645437282E+0003
 1.48300000000000E+0003	 8.18073025385154E+0003
 1.48400000000000E+0003	 8.18427777138590E+0003
 1.48500000000000E+0003	 8.18801913459437E+0003
 1.48600000000000E+0003	 8.19186269670494E+0003
 1.48700000000000E+0003	 8.19593554328379E+0003
 1.48800000000000E+0003	 8.20014239447421E+0003
 1.48900000000000E+0003	 8.20450788074763E+0003
 1.49000000000000E+0003	 8.20903063749677E+0003
 1.49100000000000E+0003	 8.21373504490932E+0003
 1.49200000000000E+0003	 8.21860210304207E+0003
 1.49300000000000E+0003	 8.22359520154353E+0003
 1.49400000000000E+0003	 8.22732931973537E+0003
 1.49500000000000E+0003	 8.23260718904440E+0003
 1.49600000000000E+0003	 8.23805785090492E+0003
 1.49700000000000E+0003	 8.24365315841538E+0003
 1.49800000000000E+0003	 8.24943035946150E+0003
 1.49900000000000E+0003	 8.25532408139750E+0003
 1.50000000000000E+0003	 8.26140151543138E+0003
 1.50100000000000E+0003	 8.26769031934508E+0003
 1.50200000000000E+0003	 8.27406952910188E+0003
 1.50300000000000E+0003	 8.28059547677153E+0003
 1.50400000000000E+0003	 8.28721480587638E+0003
 1.50500000000000E+0003	 8.29385177165763E+0003
 1.50600000000000E+0003	 8.30044775419715E+0003
 1.50700000000000E+0003	 8.30699633336306E+0003
 1.50800000000000E+0003	 8.31350517586839E+0003
 1.50900000000000E+0003	 8.31992917509850E+0003
 1.51000000000000E+0003	 8.32628200034676E+0003
 1.51100000000000E+0003	 8.33256134567729E+0003
 1.51200000000000E+0003	 8.33874892631852E+0003
 1.51300000000000E+0003	 8.34491166429847E+0003
 1.51400000000000E+0003	 8.35096906156002E+0003
 1.51500000000000E+0003	 8.35700745169157E+0003
 1.51600000000000E+0003	 8.36296142633390E+0003
 1.51700000000000E+0003	 8.36884780283006E+0003
 1.51800000000000E+0003	 8.37467162025266E+0003
 1.51900000000000E+0003	 8.38047749025285E+0003
 1.52000000000000E+0003	 8.38622868919661E+0003
 1.52100000000000E+0003	 8.39188882732361E+0003
 1.52200000000000E+0003	 8.39749909579314E+0003
 1.52300000000000E+0003	 8.40310851425565E+0003
 1.52400000000000E+0003	 8.40863638354929E+0003
 1.52500000000000E+0003	 8.41416712147775E+0003
 1.52600000000000E+0003	 8.41982639589664E+0003
 1.52700000000000E+0003	 8.42568980211736E+0003
 1.52800000000000E+0003	 8.43178153041639E+0003
 1.52900000000000E+0003	 8.43820985472944E+0003
 1.53000000000000E+0003	 8.44499009776840E+0003
 1.53100000000000E+0003	 8.45205852701849E+0003
 1.53200000000000E+0003	 8.45944060919200E+0003
 1.53300000000000E+0003	 8.46720168969993E+0003
 1.53400000000000E+0003	 8.47527679247773E+0003
 1.53500000000000E+0003	 8.48362500558078E+0003
 1.53600000000000E+0003	 8.49228777219357E+0003
 1.53700000000000E+0003	 8.50128705251832E+0003
 1.53800000000000E+0003	 8.51058506281513E+0003
 1.53900000000000E+0003	 8.52016312937832E+0003
 1.54000000000000E+0003	 8.53011718347562E+0003
 1.54100000000000E+0003	 8.54038484863933E+0003
 1.54200000000000E+0003	 8.55092427496170E+0003
 1.54300000000000E+0003	 8.56177733720513E+0003
 1.54400000000000E+0003	 8.57300221932539E+0003
 1.54500000000000E+0003	 8.58451863150723E+0003
 1.54600000000000E+0003	 8.59631856607644E+0003
 1.54700000000000E+0003	 8.60834825104398E+0003
 1.54800000000000E+0003	 8.62045086422425E+0003
 1.54900000000000E+0003	 8.63246212467063E+0003
 1.55000000000000E+0003	 8.64199494094145E+0003
 1.55100000000000E+0003	 8.65354859816839E+0003
 1.55200000000000E+0003	 8.66480298112631E+0003
 1.55300000000000E+0003	 8.67581443768669E+0003
 1.55400000000000E+0003	 8.68658158744931E+0003
 1.55500000000000E+0003	 8.69713024770119E+0003
 1.55600000000000E+0003	 8.70742325444395E+0003
 1.55700000000000E+0003	 8.71744531979937E+0003
 1.55800000000000E+0003	 8.72724306590091E+0003
 1.55900000000000E+0003	 8.73680739243731E+0003
 1.56000000000000E+0003	 8.74610032219553E+0003
 1.56100000000000E+0003	 8.75510537188020E+0003
 1.56200000000000E+0003	 8.76387570591823E+0003
 1.56300000000000E+0003	 8.77242157595730E+0003
 1.56400000000000E+0003	 8.78068473619273E+0003
 1.56500000000000E+0003	 8.78868609177692E+0003
 1.56600000000000E+0003	 8.79644159211709E+0003
 1.56700000000000E+0003	 8.80398949736694E+0003
 1.56800000000000E+0003	 8.81130538089742E+0003
 1.56900000000000E+0003	 8.81854914339605E+0003
 1.57000000000000E+0003	 8.82593813721021E+0003
 1.57100000000000E+0003	 8.83375662132199E+0003
 1.57200000000000E+0003	 8.84212655141588E+0003
 1.57300000000000E+0003	 8.85121356556303E+0003
 1.57400000000000E+0003	 8.86099781327663E+0003
 1.57500000000000E+0003	 8.87151211799513E+0003
 1.57600000000000E+0003	 8.88269607088200E+0003
 1.57700000000000E+0003	 8.89459571713750E+0003
 1.57800000000000E+0003	 8.90719190844579E+0003
 1.57900000000000E+0003	 8.92050746751659E+0003
 1.58000000000000E+0003	 8.93456260398672E+0003
 1.58100000000000E+0003	 8.94931701966890E+0003
 1.58200000000000E+0003	 8.96478114072670E+0003
 1.58300000000000E+0003	 8.98088750089387E+0003
 1.58400000000000E+0003	 8.99757231371141E+0003
 1.58500000000000E+0003	 9.01458375453059E+0003
 1.58600000000000E+0003	 9.03171118716927E+0003
 1.58700000000000E+0003	 9.04881243879119E+0003
 1.58800000000000E+0003	 9.06581607698328E+0003
 1.58900000000000E+0003	 9.08270558469351E+0003
 1.59000000000000E+0003	 9.09948278825141E+0003
 1.59100000000000E+0003	 9.11613904564827E+0003
 1.59200000000000E+0003	 9.13269531435804E+0003
 1.59300000000000E+0003	 9.14910087714257E+0003
 1.59400000000000E+0003	 9.16541821055339E+0003
 1.59500000000000E+0003	 9.18162632866579E+0003
 1.59600000000000E+0003	 9.19773224007916E+0003
 1.59700000000000E+0003	 9.21370972670754E+0003
 1.59800000000000E+0003	 9.22963426528318E+0003
 1.59900000000000E+0003	 9.24551106348145E+0003
 1.60000000000000E+0003	 9.26144974429301E+0003
 1.60100000000000E+0003	 9.27754013366935E+0003
 1.60200000000000E+0003	 9.29382431941100E+0003
 1.60300000000000E+0003	 9.31036102733042E+0003
 1.60400000000000E+0003	 9.32703427691286E+0003
 1.60500000000000E+0003	 9.34382512419336E+0003
 1.60600000000000E+0003	 9.36068033183200E+0003
 1.60700000000000E+0003	 9.37763844507059E+0003
 1.60800000000000E+0003	 9.39472321627533E+0003
 1.60900000000000E+0003	 9.41193789023406E+0003
 1.61000000000000E+0003	 9.42661767327735E+0003
 1.61100000000000E+0003	 9.44415766803718E+0003
 1.61200000000000E+0003	 9.46185877743809E+0003
 1.61300000000000E+0003	 9.47973974517203E+0003
 1.61400000000000E+0003	 9.49783529584912E+0003
 1.61500000000000E+0003	 9.51608302913572E+0003
 1.61600000000000E+0003	 9.53451373625317E+0003
 1.61700000000000E+0003	 9.55315905463582E+0003
 1.61800000000000E+0003	 9.57204178578043E+0003
 1.61900000000000E+0003	 9.59113860591983E+0003
 1.62000000000000E+0003	 9.61045843249636E+0003
 1.62100000000000E+0003	 9.62999941185112E+0003
 1.62200000000000E+0003	 9.64985348316361E+0003
 1.62300000000000E+0003	 9.67004033088313E+0003
 1.62400000000000E+0003	 9.69065261093041E+0003
 1.62500000000000E+0003	 9.71162835826048E+0003
 1.62600000000000E+0003	 9.73308316494246E+0003
 1.62700000000000E+0003	 9.75495274808121E+0003
 1.62800000000000E+0003	 9.77723981131716E+0003
 1.62900000000000E+0003	 9.80000929908597E+0003
 1.63000000000000E+0003	 9.82319314494804E+0003
 1.63100000000000E+0003	 9.84682214154622E+0003
 1.63200000000000E+0003	 9.87086911020103E+0003
 1.63300000000000E+0003	 9.89534843299409E+0003
 1.63400000000000E+0003	 9.92024184102049E+0003
 1.63500000000000E+0003	 9.94559807577157E+0003
 1.63600000000000E+0003	 9.97138485593782E+0003
 1.63700000000000E+0003	 9.99768911295042E+0003
 1.63800000000000E+0003	 1.00245159985600E+0004
 1.63900000000000E+0003	 1.00519411481458E+0004
 1.64000000000000E+0003	 1.00799615875889E+0004
 1.64100000000000E+0003	 1.01086107822832E+0004
 1.64200000000000E+0003	 1.01378488364180E+0004
 1.64300000000000E+0003	 1.01676988343507E+0004
 1.64400000000000E+0003	 1.01981485632442E+0004
 1.64500000000000E+0003	 1.02291946743550E+0004
 1.64600000000000E+0003	 1.02608637329959E+0004
 1.64700000000000E+0003	 1.02931149627068E+0004
 1.64800000000000E+0003	 1.03259631273057E+0004
 1.64900000000000E+0003	 1.03593859205836E+0004
 1.65000000000000E+0003	 1.03934800889427E+0004
 1.65100000000000E+0003	 1.04281101486145E+0004
 1.65200000000000E+0003	 1.04632776255654E+0004
 1.65300000000000E+0003	 1.04988748024702E+0004
 1.65400000000000E+0003	 1.05348267452505E+0004
 1.65500000000000E+0003	 1.05710510048322E+0004
 1.65600000000000E+0003	 1.06076041339316E+0004
 1.65700000000000E+0003	 1.06444318919154E+0004
 1.65800000000000E+0003	 1.06815670249233E+0004
 1.65900000000000E+0003	 1.07191389155613E+0004
 1.66000000000000E+0003	 1.07573799200509E+0004
 1.66100000000000E+0003	 1.07964491469155E+0004
 1.66200000000000E+0003	 1.08366196214052E+0004
 1.66300000000000E+0003	 1.08779284005074E+0004
 1.66400000000000E+0003	 1.09204230213512E+0004
 1.66500000000000E+0003	 1.09640981373556E+0004
 1.66600000000000E+0003	 1.10089354513734E+0004
 1.66700000000000E+0003	 1.10548677142994E+0004
 1.66800000000000E+0003	 1.11018415348017E+0004
 1.66900000000000E+0003	 1.11498080864526E+0004
 1.67000000000000E+0003	 1.11987622887262E+0004
 1.67100000000000E+0003	 1.12486330743039E+0004
 1.67200000000000E+0003	 1.12994109852032E+0004
 1.67300000000000E+0003	 1.13511657674776E+0004
 1.67400000000000E+0003	 1.14040062330661E+0004
 1.67500000000000E+0003	 1.14581693763342E+0004
 1.67600000000000E+0003	 1.15111131628539E+0004
 1.67700000000000E+0003	 1.15689041986704E+0004
 1.67800000000000E+0003	 1.16287257599493E+0004
 1.67900000000000E+0003	 1.16906801212075E+0004
 1.68000000000000E+0003	 1.17547748660238E+0004
 1.68100000000000E+0003	 1.18210083000607E+0004
 1.68200000000000E+0003	 1.18894691855174E+0004
 1.68300000000000E+0003	 1.19602531728356E+0004
 1.68400000000000E+0003	 1.20335517578787E+0004
 1.68500000000000E+0003	 1.21095121170848E+0004
 1.68600000000000E+0003	 1.21881656765559E+0004
 1.68700000000000E+0003	 1.22694855848340E+0004
 1.68800000000000E+0003	 1.23535257169916E+0004
 1.68900000000000E+0003	 1.24400856841731E+0004
 1.69000000000000E+0003	 1.25289288578530E+0004
 1.69100000000000E+0003	 1.26195223358180E+0004
 1.69200000000000E+0003	 1.27113192173078E+0004
 1.69300000000000E+0003	 1.28040080440544E+0004
 1.69400000000000E+0003	 1.28972059140280E+0004
 1.69500000000000E+0003	 1.29902882057575E+0004
 1.69600000000000E+0003	 1.30825042257814E+0004
 1.69700000000000E+0003	 1.31731255778090E+0004
 1.69800000000000E+0003	 1.32616387893910E+0004
 1.69900000000000E+0003	 1.33475065198837E+0004
 1.70000000000000E+0003	 1.34305847148020E+0004
 1.70100000000000E+0003	 1.35106328974205E+0004
 1.70200000000000E+0003	 1.35875974071300E+0004
 1.70300000000000E+0003	 1.36615368140206E+0004
 1.70400000000000E+0003	 1.37324964802043E+0004
 1.70500000000000E+0003	 1.38006879761293E+0004
 1.70600000000000E+0003	 1.38665374032657E+0004
 1.70700000000000E+0003	 1.39306051083395E+0004
 1.70800000000000E+0003	 1.39933308279126E+0004
 1.70900000000000E+0003	 1.40548579405530E+0004
 1.71000000000000E+0003	 1.41151862822602E+0004
 1.71100000000000E+0003	 1.41744214578998E+0004
 1.71200000000000E+0003	 1.42325193552975E+0004
 1.71300000000000E+0003	 1.42895876980648E+0004
 1.71400000000000E+0003	 1.43457311110901E+0004
 1.71500000000000E+0003	 1.44010664885040E+0004
 1.71600000000000E+0003	 1.44556936183526E+0004
 1.71700000000000E+0003	 1.45096334753928E+0004
 1.71800000000000E+0003	 1.45629004110986E+0004
 1.71900000000000E+0003	 1.46155292904819E+0004
 1.72000000000000E+0003	 1.46675608345450E+0004
 1.72100000000000E+0003	 1.47192969619360E+0004
 1.72200000000000E+0003	 1.47710412613484E+0004
 1.72300000000000E+0003	 1.48232469798833E+0004
 1.72400000000000E+0003	 1.48760352609858E+0004
 1.72500000000000E+0003	 1.49294478070049E+0004
 1.72600000000000E+0003	 1.49835750656219E+0004
 1.72700000000000E+0003	 1.50383919533764E+0004
 1.72800000000000E+0003	 1.50939268906214E+0004
 1.72900000000000E+0003	 1.51502632660676E+0004
 1.73000000000000E+0003	 1.52076132282084E+0004
 1.73100000000000E+0003	 1.52659651292627E+0004
 1.73200000000000E+0003	 1.53254267249407E+0004
 1.73300000000000E+0003	 1.53859436513900E+0004
 1.73400000000000E+0003	 1.54476175697788E+0004
 1.73500000000000E+0003	 1.55103457151115E+0004
 1.73600000000000E+0003	 1.55740567730600E+0004
 1.73700000000000E+0003	 1.56386603070151E+0004
 1.73800000000000E+0003	 1.57039505127957E+0004
 1.73900000000000E+0003	 1.57697974213062E+0004
 1.74000000000000E+0003	 1.58361655086930E+0004
 1.74100000000000E+0003	 1.59030156284538E+0004
 1.74200000000000E+0003	 1.59703990266284E+0004
 1.74300000000000E+0003	 1.60382380413778E+0004
 1.74400000000000E+0003	 1.61064645046680E+0004
 1.74500000000000E+0003	 1.61748818181748E+0004
 1.74600000000000E+0003	 1.62433452668967E+0004
 1.74700000000000E+0003	 1.63117254609610E+0004
 1.74800000000000E+0003	 1.63799936308507E+0004
 1.74900000000000E+0003	 1.64455105434080E+0004
 1.75000000000000E+0003	 1.65136229916064E+0004
 1.75100000000000E+0003	 1.65816730262932E+0004
 1.75200000000000E+0003	 1.66499660263813E+0004
 1.75300000000000E+0003	 1.67188464099701E+0004
 1.75400000000000E+0003	 1.67886858002183E+0004
 1.75500000000000E+0003	 1.68597288700378E+0004
 1.75600000000000E+0003	 1.69319830752229E+0004
 1.75700000000000E+0003	 1.70055496092233E+0004
 1.75800000000000E+0003	 1.70804096218972E+0004
 1.75900000000000E+0003	 1.71564830763461E+0004
 1.76000000000000E+0003	 1.72338258811990E+0004
 1.76100000000000E+0003	 1.73123487440683E+0004
 1.76200000000000E+0003	 1.73919865181882E+0004
 1.76300000000000E+0003	 1.74727826636815E+0004
 1.76400000000000E+0003	 1.75545875700047E+0004
 1.76500000000000E+0003	 1.76375361658417E+0004
 1.76600000000000E+0003	 1.77215292171955E+0004
 1.76700000000000E+0003	 1.78064922180557E+0004
 1.76800000000000E+0003	 1.78922491861167E+0004
 1.76900000000000E+0003	 1.79784441511230E+0004
 1.77000000000000E+0003	 1.80648237002067E+0004
 1.77100000000000E+0003	 1.81512893328847E+0004
 1.77200000000000E+0003	 1.82377401979773E+0004
 1.77300000000000E+0003	 1.83243233581594E+0004
 1.77400000000000E+0003	 1.84109100555809E+0004
 1.77500000000000E+0003	 1.84976405364315E+0004
 1.77600000000000E+0003	 1.85846785572054E+0004
 1.77700000000000E+0003	 1.86722718771498E+0004
 1.77800000000000E+0003	 1.87605208790956E+0004
 1.77900000000000E+0003	 1.88495389663827E+0004
 1.78000000000000E+0003	 1.89393509050978E+0004
 1.78100000000000E+0003	 1.90300037830568E+0004
 1.78200000000000E+0003	 1.91214288996867E+0004
 1.78300000000000E+0003	 1.92136749600934E+0004
 1.78400000000000E+0003	 1.93066918451821E+0004
 1.78500000000000E+0003	 1.94005213562777E+0004
 1.78600000000000E+0003	 1.94951355847592E+0004
 1.78700000000000E+0003	 1.95905276943784E+0004
 1.78800000000000E+0003	 1.96867353911510E+0004
 1.78900000000000E+0003	 1.97837931812124E+0004
 1.79000000000000E+0003	 1.98816167638695E+0004
 1.79100000000000E+0003	 1.99804221301694E+0004
 1.79200000000000E+0003	 2.00802130432112E+0004
 1.79300000000000E+0003	 2.01812152087481E+0004
 1.79400000000000E+0003	 2.02834988085786E+0004
 1.79500000000000E+0003	 2.03870613724087E+0004
 1.79600000000000E+0003	 2.04920384438704E+0004
 1.79700000000000E+0003	 2.05983308641076E+0004
 1.79800000000000E+0003	 2.07059225226040E+0004
 1.79900000000000E+0003	 2.08149381582074E+0004
 1.80000000000000E+0003	 2.09252628990847E+0004
 1.80100000000000E+0003	 2.10369671234631E+0004
 1.80200000000000E+0003	 2.11500458163768E+0004
 1.80300000000000E+0003	 2.12644350732683E+0004
 1.80400000000000E+0003	 2.13802261880100E+0004
 1.80500000000000E+0003	 2.14973988620832E+0004
 1.80600000000000E+0003	 2.16159006762978E+0004
 1.80700000000000E+0003	 2.17357946199776E+0004
 1.80800000000000E+0003	 2.18568848249705E+0004
 1.80900000000000E+0003	 2.19792050231770E+0004
 1.81000000000000E+0003	 2.21027139427429E+0004
 1.81100000000000E+0003	 2.22273761561360E+0004
 1.81200000000000E+0003	 2.23532496932696E+0004
 1.81300000000000E+0003	 2.24802625733589E+0004
 1.81400000000000E+0003	 2.26084531173100E+0004
 1.81500000000000E+0003	 2.27379169117452E+0004
 1.81600000000000E+0003	 2.28685218000987E+0004
 1.81700000000000E+0003	 2.30003126531167E+0004
 1.81800000000000E+0003	 2.31333206922197E+0004
 1.81900000000000E+0003	 2.32674484860235E+0004
 1.82000000000000E+0003	 2.34028104020406E+0004
 1.82100000000000E+0003	 2.35393643963363E+0004
 1.82200000000000E+0003	 2.36772167364009E+0004
 1.82300000000000E+0003	 2.38165936341220E+0004
 1.82400000000000E+0003	 2.39578699746484E+0004
 1.82500000000000E+0003	 2.41014179765472E+0004
 1.82600000000000E+0003	 2.42475580307623E+0004
 1.82700000000000E+0003	 2.43962790937268E+0004
 1.82800000000000E+0003	 2.45477261407228E+0004
 1.82900000000000E+0003	 2.46996727504022E+0004
 1.83000000000000E+0003	 2.48565384346648E+0004
 1.83100000000000E+0003	 2.50161173837627E+0004
 1.83200000000000E+0003	 2.51783132973699E+0004
 1.83300000000000E+0003	 2.53431674246183E+0004
 1.83400000000000E+0003	 2.55107746861346E+0004
 1.83500000000000E+0003	 2.56809929433801E+0004
 1.83600000000000E+0003	 2.58539361953147E+0004
 1.83700000000000E+0003	 2.60295510993219E+0004
 1.83800000000000E+0003	 2.62078610722015E+0004
 1.83900000000000E+0003	 2.63889853901374E+0004
 1.84000000000000E+0003	 2.65729500165235E+0004
 1.84100000000000E+0003	 2.67598926403138E+0004
 1.84200000000000E+0003	 2.69498520443386E+0004
 1.84300000000000E+0003	 2.71428444595055E+0004
 1.84400000000000E+0003	 2.73389366005133E+0004
 1.84500000000000E+0003	 2.75380627522015E+0004
 1.84600000000000E+0003	 2.77402249911511E+0004
 1.84700000000000E+0003	 2.79455418741269E+0004
 1.84800000000000E+0003	 2.81538338728003E+0004
 1.84900000000000E+0003	 2.83652373724623E+0004
 1.85000000000000E+0003	 2.85797543743008E+0004
 1.85100000000000E+0003	 2.87972312222005E+0004
 1.85200000000000E+0003	 2.90178972760168E+0004
 1.85300000000000E+0003	 2.92415870529446E+0004
 1.85400000000000E+0003	 2.94682732698239E+0004
 1.85500000000000E+0003	 2.96977864722822E+0004
 1.85600000000000E+0003	 2.99296632818508E+0004
 1.85700000000000E+0003	 3.01636340516918E+0004
 1.85800000000000E+0003	 3.03993536276465E+0004
 1.85900000000000E+0003	 3.06367369845518E+0004
 1.86000000000000E+0003	 3.08758804598186E+0004
 1.86100000000000E+0003	 3.11166429450754E+0004
 1.86200000000000E+0003	 3.13590975509294E+0004
 1.86300000000000E+0003	 3.16032841901568E+0004
 1.86400000000000E+0003	 3.18491836972661E+0004
 1.86500000000000E+0003	 3.20969511941112E+0004
 1.86600000000000E+0003	 3.23467022386487E+0004
 1.86700000000000E+0003	 3.25982249546310E+0004
 1.86800000000000E+0003	 3.28518079157836E+0004
 1.86900000000000E+0003	 3.31073199930191E+0004
 1.87000000000000E+0003	 3.33648109150004E+0004
 1.87100000000000E+0003	 3.36246626260632E+0004
 1.87200000000000E+0003	 3.38872279265552E+0004
 1.87300000000000E+0003	 3.41530513048210E+0004
 1.87400000000000E+0003	 3.44224666907754E+0004
 1.87500000000000E+0003	 3.46955444832022E+0004
 1.87600000000000E+0003	 3.49725180386409E+0004
 1.87700000000000E+0003	 3.52532870989637E+0004
 1.87800000000000E+0003	 3.55378551401690E+0004
 1.87900000000000E+0003	 3.58264663794598E+0004
 1.88000000000000E+0003	 3.61191822854359E+0004
 1.88100000000000E+0003	 3.64162919662490E+0004
 1.88200000000000E+0003	 3.67180439876145E+0004
 1.88300000000000E+0003	 3.70243953837715E+0004
 1.88400000000000E+0003	 3.73355114931251E+0004
 1.88500000000000E+0003	 3.76513102691372E+0004
 1.88600000000000E+0003	 3.79718086187453E+0004
 1.88700000000000E+0003	 3.82973824910179E+0004
 1.88800000000000E+0003	 3.86280341753024E+0004
 1.88900000000000E+0003	 3.89644100342559E+0004
 1.89000000000000E+0003	 3.93068043611225E+0004
 1.89100000000000E+0003	 3.96552383032173E+0004
 1.89200000000000E+0003	 4.00099444320212E+0004
 1.89300000000000E+0003	 4.03708430225360E+0004
 1.89400000000000E+0003	 4.07380409364183E+0004
 1.89500000000000E+0003	 4.11120790147203E+0004
 1.89600000000000E+0003	 4.14934087010527E+0004
 1.89700000000000E+0003	 4.18833601237287E+0004
 1.89800000000000E+0003	 4.22827649068652E+0004
 1.89900000000000E+0003	 4.26918979185359E+0004
 1.90000000000000E+0003	 4.31110068378869E+0004
 1.90100000000000E+0003	 4.35401531911425E+0004
 1.90200000000000E+0003	 4.39790929567421E+0004
 1.90300000000000E+0003	 4.44281379448051E+0004
 1.90400000000000E+0003	 4.48867501116357E+0004
 1.90500000000000E+0003	 4.53550346721466E+0004
 1.90600000000000E+0003	 4.58327595965767E+0004
 1.90700000000000E+0003	 4.63196469162102E+0004
 1.90800000000000E+0003	 4.68160250988445E+0004
 1.90900000000000E+0003	 4.73217591159099E+0004
 1.91000000000000E+0003	 4.78368233268082E+0004
 1.91100000000000E+0003	 4.83619111833288E+0004
 1.91200000000000E+0003	 4.88977947851557E+0004
 1.91300000000000E+0003	 4.94462635760094E+0004
 1.91400000000000E+0003	 5.00087222746152E+0004
 1.91500000000000E+0003	 5.05860321552479E+0004
 1.91600000000000E+0003	 5.11785086240002E+0004
 1.91700000000000E+0003	 5.17864089036290E+0004
 1.91800000000000E+0003	 5.24095416960722E+0004
 1.91900000000000E+0003	 5.30470747126539E+0004
 1.92000000000000E+0003	 5.37025428205009E+0004
 1.92100000000000E+0003	 5.43760194124768E+0004
 1.92200000000000E+0003	 5.50691104169725E+0004
 1.92300000000000E+0003	 5.57826555589765E+0004
 1.92400000000000E+0003	 5.65170923732966E+0004
 1.92500000000000E+0003	 5.72725169529533E+0004
 1.92600000000000E+0003	 5.80488289934935E+0004
 1.92700000000000E+0003	 5.88456703075137E+0004
 1.92800000000000E+0003	 5.96625352196873E+0004
 1.92900000000000E+0003	 6.04976839483542E+0004
 1.93000000000000E+0003	 6.13497397486564E+0004
 1.93100000000000E+0003	 6.22173530948321E+0004
 1.93200000000000E+0003	 6.30998638980052E+0004
 1.93300000000000E+0003	 6.39977625900400E+0004
 1.93400000000000E+0003	 6.49106188918253E+0004
 1.93500000000000E+0003	 6.58379392684624E+0004
 1.93600000000000E+0003	 6.67790097991822E+0004
 1.93700000000000E+0003	 6.77312721801972E+0004
 1.93800000000000E+0003	 6.86918790342508E+0004
 1.93900000000000E+0003	 6.96586758742312E+0004
 1.94000000000000E+0003	 7.06304634974732E+0004
 1.94100000000000E+0003	 7.16073656513413E+0004
 1.94200000000000E+0003	 7.25890083362951E+0004
 1.94300000000000E+0003	 7.35748340411402E+0004
 1.94400000000000E+0003	 7.45644067601811E+0004
 1.94500000000000E+0003	 7.55542871191670E+0004
 1.94600000000000E+0003	 7.65414691376488E+0004
 1.94700000000000E+0003	 7.75226349072425E+0004
 1.94800000000000E+0003	 7.84958610645953E+0004
 1.94900000000000E+0003	 7.94610697164846E+0004
 1.95000000000000E+0003	 8.04181385519292E+0004
 1.95100000000000E+0003	 8.13665818400546E+0004
 1.95200000000000E+0003	 8.23068541066853E+0004
 1.95300000000000E+0003	 8.32379701145193E+0004
 1.95400000000000E+0003	 8.41595653312270E+0004
 1.95500000000000E+0003	 8.50709740328048E+0004
 1.95600000000000E+0003	 8.59715268150659E+0004
 1.95700000000000E+0003	 8.68615785717408E+0004
 1.95800000000000E+0003	 8.77408960498319E+0004
 1.95900000000000E+0003	 8.86094147376791E+0004
 1.96000000000000E+0003	 8.94677637765867E+0004
 1.96100000000000E+0003	 9.03170505705759E+0004
 1.96200000000000E+0003	 9.11594897561806E+0004
 1.96300000000000E+0003	 9.19979314932252E+0004
 1.96400000000000E+0003	 9.28336885616420E+0004
 1.96500000000000E+0003	 9.36673927643758E+0004
 1.96600000000000E+0003	 9.44997205590245E+0004
 1.96700000000000E+0003	 9.53303320894089E+0004
 1.96800000000000E+0003	 9.61590932129573E+0004
 1.96900000000000E+0003	 9.69873577456297E+0004
 1.97000000000000E+0003	 9.78152879348319E+0004
 1.97100000000000E+0003	 9.86443165798005E+0004
 1.97200000000000E+0003	 9.94744110632064E+0004
 1.97300000000000E+0003	 1.00305003435330E+0005
 1.97400000000000E+0003	 1.01136570083232E+0005
 1.97500000000000E+0003	 1.01968121840933E+0005
 1.97600000000000E+0003	 1.02799470695860E+0005
 1.97700000000000E+0003	 1.03631736732132E+0005
 1.97800000000000E+0003	 1.04464302107561E+0005
 1.97900000000000E+0003	 1.05298508981587E+0005
 1.98000000000000E+0003	 1.06134871611929E+0005
 1.98100000000000E+0003	 1.06973111563593E+0005
 1.98200000000000E+0003	 1.07814175243460E+0005
 1.98300000000000E+0003	 1.08657696725787E+0005
 1.98400000000000E+0003	 1.09503240267342E+0005
 1.98500000000000E+0003	 1.10351794145786E+0005
 1.98600000000000E+0003	 1.11202416059161E+0005
 1.98700000000000E+0003	 1.12055982396632E+0005
 1.98800000000000E+0003	 1.12911828710434E+0005
 1.98900000000000E+0003	 1.13770468567038E+0005
 1.99000000000000E+0003	 1.14631933438039E+0005
 1.99100000000000E+0003	 1.15496562787756E+0005
 1.99200000000000E+0003	 1.16363434103369E+0005
 1.99300000000000E+0003	 1.17232744989084E+0005
 1.99400000000000E+0003	 1.18104196883781E+0005
 1.99500000000000E+0003	 1.18976613486224E+0005
 1.99600000000000E+0003	 1.19848278219565E+0005
 1.99700000000000E+0003	 1.20718172257444E+0005
 1.99800000000000E+0003	 1.21585606929307E+0005
 1.99900000000000E+0003	 1.22451243697812E+0005
 2.00000000000000E+0003	 1.23314334017215E+0005
 2.00100000000000E+0003	 1.24174819668650E+0005
 2.00200000000000E+0003	 1.25032891754252E+0005
 2.00300000000000E+0003	 1.25886872071375E+0005
 2.00400000000000E+0003	 1.26735581357269E+0005
 2.00500000000000E+0003	 1.27578014912185E+0005
 2.00600000000000E+0003	 1.28412988539871E+0005
 2.00700000000000E+0003	 1.29240980745361E+0005
 2.00800000000000E+0003	 1.30061350269388E+0005
 2.00900000000000E+0003	 1.30874079764546E+0005
 2.01000000000000E+0003	 1.31679955212079E+0005
 2.01100000000000E+0003	 1.32477634547427E+0005
 2.01200000000000E+0003	 1.33267654235342E+0005
 2.01300000000000E+0003	 1.34049207601910E+0005
 2.01400000000000E+0003	 1.34822430332192E+0005
 2.01500000000000E+0003	 1.35587511673914E+0005
 2.01600000000000E+0003	 1.36344461294625E+0005
 2.01700000000000E+0003	 1.37092483510109E+0005
 2.01800000000000E+0003	 1.37831778999984E+0005
 2.01900000000000E+0003	 1.38563416075596E+0005
 2.02000000000000E+0003	 1.39286501499196E+0005
 2.02100000000000E+0003	 1.40000974676196E+0005
 2.02200000000000E+0003	 1.40707067611710E+0005
 2.02300000000000E+0003	 1.41403935610255E+0005
 2.02400000000000E+0003	 1.42093018452945E+0005
 2.02500000000000E+0003	 1.42773194130567E+0005
 2.02600000000000E+0003	 1.43444595680185E+0005
 2.02700000000000E+0003	 1.44108824471449E+0005
 2.02800000000000E+0003	 1.44764928177514E+0005
 2.02900000000000E+0003	 1.45413369063250E+0005
 2.03000000000000E+0003	 1.46052305284780E+0005
 2.03100000000000E+0003	 1.46678303380311E+0005
 2.03200000000000E+0003	 1.47290806978465E+0005
 2.03300000000000E+0003	 1.47888460934859E+0005
 2.03400000000000E+0003	 1.48471237246939E+0005
 2.03500000000000E+0003	 1.49040224962467E+0005
 2.03600000000000E+0003	 1.49595050962970E+0005
 2.03700000000000E+0003	 1.50137542762405E+0005
 2.03800000000000E+0003	 1.50669128959884E+0005
 2.03900000000000E+0003	 1.51191176349599E+0005
 2.04000000000000E+0003	 1.51703536042898E+0005
 2.04100000000000E+0003	 1.52207696286164E+0005
 2.04200000000000E+0003	 1.52702276538343E+0005
 2.04300000000000E+0003	 1.53187916464308E+0005
 2.04400000000000E+0003	 1.53664904330390E+0005
 2.04500000000000E+0003	 1.54132026565098E+0005
 2.04600000000000E+0003	 1.54590007173379E+0005
 2.04700000000000E+0003	 1.55039036833668E+0005
 2.04800000000000E+0003	 1.55477243193366E+0005
 2.04900000000000E+0003	 1.55906960169104E+0005
 2.05000000000000E+0003	 1.56326388206318E+0005
 2.05100000000000E+0003	 1.56736068678849E+0005
 2.05200000000000E+0003	 1.57136930010302E+0005
 2.05300000000000E+0003	 1.57527729563285E+0005
 2.05400000000000E+0003	 1.57909661839462E+0005
 2.05500000000000E+0003	 1.58283154854234E+0005
 2.05600000000000E+0003	 1.58648419200732E+0005
 2.05700000000000E+0003	 1.59005227656893E+0005
 2.05800000000000E+0003	 1.59354708974751E+0005
 2.05900000000000E+0003	 1.59695595454943E+0005
 2.06000000000000E+0003	 1.60028662519406E+0005
 2.06100000000000E+0003	 1.60354244612670E+0005
 2.06200000000000E+0003	 1.60672362299886E+0005
 2.06300000000000E+0003	 1.60983849082159E+0005
 2.06400000000000E+0003	 1.61289891362754E+0005
 2.06500000000000E+0003	 1.61589690275805E+0005
 2.06600000000000E+0003	 1.61885246397178E+0005
 2.06700000000000E+0003	 1.62175124359861E+0005
 2.06800000000000E+0003	 1.62459660820342E+0005
 2.06900000000000E+0003	 1.62739520898985E+0005
 2.07000000000000E+0003	 1.63013434391973E+0005
 2.07100000000000E+0003	 1.63281772326062E+0005
 2.07200000000000E+0003	 1.63544761762917E+0005
 2.07300000000000E+0003	 1.63801673012831E+0005
 2.07400000000000E+0003	 1.64052848825609E+0005
 2.07500000000000E+0003	 1.64298732729387E+0005
 2.07600000000000E+0003	 1.64537975880819E+0005
 2.07700000000000E+0003	 1.64772309670938E+0005
 2.07800000000000E+0003	 1.65000541052212E+0005
 2.07900000000000E+0003	 1.65223742404986E+0005
 2.08000000000000E+0003	 1.65442700930464E+0005
 2.08100000000000E+0003	 1.65658175901020E+0005
 2.08200000000000E+0003	 1.65869721637873E+0005
 2.08300000000000E+0003	 1.66078937926911E+0005
 2.08400000000000E+0003	 1.66284480693510E+0005
 2.08500000000000E+0003	 1.66486626964926E+0005
 2.08600000000000E+0003	 1.66686631797298E+0005
 2.08700000000000E+0003	 1.66882697806304E+0005
 2.08800000000000E+0003	 1.67075406347155E+0005
 2.08900000000000E+0003	 1.67266018638051E+0005
 2.09000000000000E+0003	 1.67453134902097E+0005
 2.09100000000000E+0003	 1.67637282363480E+0005
 2.09200000000000E+0003	 1.67819040418806E+0005
 2.09300000000000E+0003	 1.67997106736784E+0005
 2.09400000000000E+0003	 1.68172929211598E+0005
 2.09500000000000E+0003	 1.68345920677423E+0005
 2.09600000000000E+0003	 1.68515840955406E+0005
 2.09700000000000E+0003	 1.68683879833687E+0005
 2.09800000000000E+0003	 1.68850008133380E+0005
 2.09900000000000E+0003	 1.69013895575207E+0005
 2.10000000000000E+0003	 1.69176414012509E+0005
 2.10100000000000E+0003	 1.69336840512535E+0005
 2.10200000000000E+0003	 1.69495707613513E+0005
 2.10300000000000E+0003	 1.69653323165889E+0005
 2.10400000000000E+0003	 1.69808609132346E+0005
 2.10500000000000E+0003	 1.69962021744013E+0005
 2.10600000000000E+0003	 1.70113983773673E+0005
 2.10700000000000E+0003	 1.70263995079074E+0005
 2.10800000000000E+0003	 1.70411921022304E+0005
 2.10900000000000E+0003	 1.70558547669366E+0005
 2.11000000000000E+0003	 1.70702947762024E+0005
 2.11100000000000E+0003	 1.70845811361889E+0005
 2.11200000000000E+0003	 1.70987133929416E+0005
 2.11300000000000E+0003	 1.71126226344522E+0005
 2.11400000000000E+0003	 1.71264374614237E+0005
 2.11500000000000E+0003	 1.71402409256067E+0005
 2.11600000000000E+0003	 1.71538716408135E+0005
 2.11700000000000E+0003	 1.71675072245001E+0005
 2.11800000000000E+0003	 1.71810871719788E+0005
 2.11900000000000E+0003	 1.71946098776108E+0005
 2.12000000000000E+0003	 1.72081557712939E+0005
 2.12100000000000E+0003	 1.72216395376399E+0005
 2.12200000000000E+0003	 1.72350252734240E+0005
 2.12300000000000E+0003	 1.72485126784732E+0005
 2.12400000000000E+0003	 1.72620534440588E+0005
 2.12500000000000E+0003	 1.72756088212107E+0005
 2.12600000000000E+0003	 1.72892657952651E+0005
 2.12700000000000E+0003	 1.73029962402981E+0005
 2.12800000000000E+0003	 1.73169041498647E+0005
 2.12900000000000E+0003	 1.73308343261800E+0005
 2.13000000000000E+0003	 1.73447547114961E+0005
 2.13100000000000E+0003	 1.73587140004897E+0005
 2.13200000000000E+0003	 1.73727366951866E+0005
 2.13300000000000E+0003	 1.73866431988265E+0005
 2.13400000000000E+0003	 1.74005819047736E+0005
 2.13500000000000E+0003	 1.74145176805005E+0005
 2.13600000000000E+0003	 1.74284099164621E+0005
 2.13700000000000E+0003	 1.74423352392211E+0005
 2.13800000000000E+0003	 1.74561913934608E+0005
 2.13900000000000E+0003	 1.74700096330912E+0005
 2.14000000000000E+0003	 1.74839314441774E+0005
 2.14100000000000E+0003	 1.74978955032962E+0005
 2.14200000000000E+0003	 1.75118895799668E+0005
 2.14300000000000E+0003	 1.75259935460535E+0005
 2.14400000000000E+0003	 1.75401838486885E+0005
 2.14500000000000E+0003	 1.75544285507815E+0005
 2.14600000000000E+0003	 1.75687839391829E+0005
 2.14700000000000E+0003	 1.75831674911025E+0005
 2.14800000000000E+0003	 1.75975865797376E+0005
 2.14900000000000E+0003	 1.76121975564875E+0005
 2.15000000000000E+0003	 1.76268215778653E+0005
 2.15100000000000E+0003	 1.76415322884979E+0005
 2.15200000000000E+0003	 1.76563837244934E+0005
 2.15300000000000E+0003	 1.76712965240870E+0005
 2.15400000000000E+0003	 1.76863423483476E+0005
 2.15500000000000E+0003	 1.77014896234598E+0005
 2.15600000000000E+0003	 1.77166283892672E+0005
 2.15700000000000E+0003	 1.77319428599955E+0005
 2.15800000000000E+0003	 1.77473842639696E+0005
 2.15900000000000E+0003	 1.77628546587286E+0005
 2.16000000000000E+0003	 1.77784427773227E+0005
 2.16100000000000E+0003	 1.77941279834851E+0005
 2.16200000000000E+0003	 1.78099058773329E+0005
 2.16300000000000E+0003	 1.78258151147245E+0005
 2.16400000000000E+0003	 1.78418057151513E+0005
 2.16500000000000E+0003	 1.78577855111670E+0005
 2.16600000000000E+0003	 1.78739425897894E+0005
 2.16700000000000E+0003	 1.78901777475387E+0005
 2.16800000000000E+0003	 1.79064824481877E+0005
 2.16900000000000E+0003	 1.79229049860052E+0005
 2.17000000000000E+0003	 1.79394178670566E+0005
 2.17100000000000E+0003	 1.79560465168773E+0005
 2.17200000000000E+0003	 1.79728061061724E+0005
 2.17300000000000E+0003	 1.79896179975519E+0005
 2.17400000000000E+0003	 1.80065048852223E+0005
 2.17500000000000E+0003	 1.80236093659819E+0005
 2.17600000000000E+0003	 1.80408069954355E+0005
 2.17700000000000E+0003	 1.80581630070914E+0005
 2.17800000000000E+0003	 1.80756763377060E+0005
 2.17900000000000E+0003	 1.80933511828786E+0005
 2.18000000000000E+0003	 1.81112048158645E+0005
 2.18100000000000E+0003	 1.81292217997983E+0005
 2.18200000000000E+0003	 1.81473323180310E+0005
 2.18300000000000E+0003	 1.81656168788258E+0005
 2.18400000000000E+0003	 1.81840702779152E+0005
 2.18500000000000E+0003	 1.82026457835951E+0005
 2.18600000000000E+0003	 1.82214001271242E+0005
 2.18700000000000E+0003	 1.82403248652017E+0005
 2.18800000000000E+0003	 1.82593878316424E+0005
 2.18900000000000E+0003	 1.82786641218643E+0005
 2.19000000000000E+0003	 1.82980672519036E+0005
 2.19100000000000E+0003	 1.83175938045567E+0005
 2.19200000000000E+0003	 1.83374538781087E+0005
 2.19300000000000E+0003	 1.83575408136345E+0005
 2.19400000000000E+0003	 1.83779189634865E+0005
 2.19500000000000E+0003	 1.83986081959074E+0005
 2.19600000000000E+0003	 1.84196393971532E+0005
 2.19700000000000E+0003	 1.84409724539240E+0005
 2.19800000000000E+0003	 1.84626243779383E+0005
 2.19900000000000E+0003	 1.84845914197978E+0005
 2.20000000000000E+0003	 1.85067893312748E+0005
 2.20100000000000E+0003	 1.85293755664213E+0005
 2.20200000000000E+0003	 1.85522413377909E+0005
 2.20300000000000E+0003	 1.85754024228909E+0005
 2.20400000000000E+0003	 1.85989005032036E+0005
 2.20500000000000E+0003	 1.86227175690165E+0005
 2.20600000000000E+0003	 1.86468605054401E+0005
 2.20700000000000E+0003	 1.86713465395274E+0005
 2.20800000000000E+0003	 1.86960931099560E+0005
 2.20900000000000E+0003	 1.87211883871280E+0005
 2.21000000000000E+0003	 1.87467221086430E+0005
 2.21100000000000E+0003	 1.87726605402519E+0005
 2.21200000000000E+0003	 1.87990265599993E+0005
 2.21300000000000E+0003	 1.88258542660756E+0005
 2.21400000000000E+0003	 1.88531095473572E+0005
 2.21500000000000E+0003	 1.88808622716461E+0005
 2.21600000000000E+0003	 1.89090566712290E+0005
 2.21700000000000E+0003	 1.89376175263529E+0005
 2.21800000000000E+0003	 1.89666435036308E+0005
 2.21900000000000E+0003	 1.89961111581373E+0005
 2.22000000000000E+0003	 1.90259986516239E+0005
 2.22100000000000E+0003	 1.90563396893147E+0005
 2.22200000000000E+0003	 1.90871431443871E+0005
 2.22300000000000E+0003	 1.91183899728929E+0005
 2.22400000000000E+0003	 1.91501292707753E+0005
 2.22500000000000E+0003	 1.91822952658796E+0005
 2.22600000000000E+0003	 1.92148409982541E+0005
 2.22700000000000E+0003	 1.92479890023847E+0005
 2.22800000000000E+0003	 1.92816982899592E+0005
 2.22900000000000E+0003	 1.93159801872784E+0005
 2.23000000000000E+0003	 1.93508347031334E+0005
 2.23100000000000E+0003	 1.93863288616233E+0005
 2.23200000000000E+0003	 1.94224186104203E+0005
 2.23300000000000E+0003	 1.94591156986508E+0005
 2.23400000000000E+0003	 1.94964126661693E+0005
 2.23500000000000E+0003	 1.95342623404570E+0005
 2.23600000000000E+0003	 1.95727674576734E+0005
 2.23700000000000E+0003	 1.96118704257079E+0005
 2.23800000000000E+0003	 1.96515363715527E+0005
 2.23900000000000E+0003	 1.96918304510405E+0005
 2.24000000000000E+0003	 1.97327553835636E+0005
 2.24100000000000E+0003	 1.97742655397395E+0005
 2.24200000000000E+0003	 1.98164103657222E+0005
 2.24300000000000E+0003	 1.98591374779091E+0005
 2.24400000000000E+0003	 1.99023640171923E+0005
 2.24500000000000E+0003	 1.99462127703165E+0005
 2.24600000000000E+0003	 1.99905513750108E+0005
 2.24700000000000E+0003	 2.00353783788515E+0005
 2.24800000000000E+0003	 2.00807196251421E+0005
 2.24900000000000E+0003	 2.01265567239966E+0005
 2.25000000000000E+0003	 2.01729044441294E+0005
 2.25100000000000E+0003	 2.02197625275868E+0005
 2.25200000000000E+0003	 2.02673197902856E+0005
 2.25300000000000E+0003	 2.03151461742028E+0005
 2.25400000000000E+0003	 2.03634951777146E+0005
 2.25500000000000E+0003	 2.04123211303618E+0005
 2.25600000000000E+0003	 2.04616411512255E+0005
 2.25700000000000E+0003	 2.05114627560490E+0005
 2.25800000000000E+0003	 2.05617788699471E+0005
 2.25900000000000E+0003	 2.06126136081792E+0005
 2.26000000000000E+0003	 2.06639940452830E+0005
 2.26100000000000E+0003	 2.07158413505237E+0005
 2.26200000000000E+0003	 2.07683618371944E+0005
 2.26300000000000E+0003	 2.08215691536371E+0005
 2.26400000000000E+0003	 2.08755858974389E+0005
 2.26500000000000E+0003	 2.09304218471163E+0005
 2.26600000000000E+0003	 2.09861051559943E+0005
 2.26700000000000E+0003	 2.10426084717172E+0005
 2.26800000000000E+0003	 2.11000192168134E+0005
 2.26900000000000E+0003	 2.11582512082816E+0005
 2.27000000000000E+0003	 2.12172933712732E+0005
 2.27100000000000E+0003	 2.12772251828270E+0005
 2.27200000000000E+0003	 2.13379575568363E+0005
 2.27300000000000E+0003	 2.13995459194846E+0005
 2.27400000000000E+0003	 2.14619806838246E+0005
 2.27500000000000E+0003	 2.15252438144596E+0005
 2.27600000000000E+0003	 2.15893499557864E+0005
 2.27700000000000E+0003	 2.16543681598468E+0005
 2.27800000000000E+0003	 2.17202366385501E+0005
 2.27900000000000E+0003	 2.17869640871229E+0005
 2.28000000000000E+0003	 2.18547330677658E+0005
 2.28100000000000E+0003	 2.19235310353348E+0005
 2.28200000000000E+0003	 2.19934868021352E+0005
 2.28300000000000E+0003	 2.20646066046244E+0005
 2.28400000000000E+0003	 2.21369132036705E+0005
 2.28500000000000E+0003	 2.22103552870369E+0005
 2.28600000000000E+0003	 2.22850521680015E+0005
 2.28700000000000E+0003	 2.23609276550373E+0005
 2.28800000000000E+0003	 2.24378868362153E+0005
 2.28900000000000E+0003	 2.25160960014122E+0005
 2.29000000000000E+0003	 2.25954758881732E+0005
 2.29100000000000E+0003	 2.26760525605713E+0005
 2.29200000000000E+0003	 2.27578100823257E+0005
 2.29300000000000E+0003	 2.28407788520364E+0005
 2.29400000000000E+0003	 2.29248838829627E+0005
 2.29500000000000E+0003	 2.30102618679654E+0005
 2.29600000000000E+0003	 2.30967984546176E+0005
 2.29700000000000E+0003	 2.31845053821308E+0005
 2.29800000000000E+0003	 2.32735534077140E+0005
 2.29900000000000E+0003	 2.33638833593619E+0005
 2.30000000000000E+0003	 2.34556008816945E+0005
 2.30100000000000E+0003	 2.35486491130353E+0005
 2.30200000000000E+0003	 2.36431277368801E+0005
 2.30300000000000E+0003	 2.37389669682357E+0005
 2.30400000000000E+0003	 2.38362618167134E+0005
 2.30500000000000E+0003	 2.39348605084054E+0005
 2.30600000000000E+0003	 2.40346284890921E+0005
 2.30700000000000E+0003	 2.41355236386568E+0005
 2.30800000000000E+0003	 2.42372276207684E+0005
 2.30900000000000E+0003	 2.43396209371872E+0005
 2.31000000000000E+0003	 2.44426608634046E+0005
 2.31100000000000E+0003	 2.45463362913017E+0005
 2.31200000000000E+0003	 2.46506088041344E+0005
 2.31300000000000E+0003	 2.47555410757577E+0005
 2.31400000000000E+0003	 2.48609717596501E+0005
 2.31500000000000E+0003	 2.49667012039934E+0005
 2.31600000000000E+0003	 2.50724470783205E+0005
 2.31700000000000E+0003	 2.51777477721620E+0005
 2.31800000000000E+0003	 2.52823859211660E+0005
 2.31900000000000E+0003	 2.53862239276633E+0005
 2.32000000000000E+0003	 2.54892568374403E+0005
 2.32100000000000E+0003	 2.55914568098354E+0005
 2.32200000000000E+0003	 2.56929222866068E+0005
 2.32300000000000E+0003	 2.57936125970714E+0005
 2.32400000000000E+0003	 2.58937060608786E+0005
 2.32500000000000E+0003	 2.59936173365211E+0005
 2.32600000000000E+0003	 2.60936280616865E+0005
 2.32700000000000E+0003	 2.61940195141158E+0005
 2.32800000000000E+0003	 2.62948753535368E+0005
 2.32900000000000E+0003	 2.63962701342106E+0005
 2.33000000000000E+0003	 2.64981038300304E+0005
 2.33100000000000E+0003	 2.66005553536627E+0005
 2.33200000000000E+0003	 2.67034900135241E+0005
 2.33300000000000E+0003	 2.68068823018502E+0005
 2.33400000000000E+0003	 2.69109253707659E+0005
 2.33500000000000E+0003	 2.70155109339455E+0005
 2.33600000000000E+0003	 2.71207809543937E+0005
 2.33700000000000E+0003	 2.72267027167032E+0005
 2.33800000000000E+0003	 2.73332194623483E+0005
 2.33900000000000E+0003	 2.74403508334697E+0005
 2.34000000000000E+0003	 2.75482240062833E+0005
 2.34100000000000E+0003	 2.76567118684464E+0005
 2.34200000000000E+0003	 2.77657574194866E+0005
 2.34300000000000E+0003	 2.78755763503695E+0005
 2.34400000000000E+0003	 2.79860033798877E+0005
 2.34500000000000E+0003	 2.80970184729253E+0005
 2.34600000000000E+0003	 2.82087515127148E+0005
 2.34700000000000E+0003	 2.83211085517413E+0005
 2.34800000000000E+0003	 2.84340654258036E+0005
 2.34900000000000E+0003	 2.85477875196283E+0005
 2.35000000000000E+0003	 2.86621057395569E+0005
 2.35100000000000E+0003	 2.87770347076482E+0005
 2.35200000000000E+0003	 2.88927491711480E+0005
 2.35300000000000E+0003	 2.90091041538731E+0005
 2.35400000000000E+0003	 2.91261259849513E+0005
 2.35500000000000E+0003	 2.92439463886631E+0005
 2.35600000000000E+0003	 2.93624324271613E+0005
 2.35700000000000E+0003	 2.94816214412459E+0005
 2.35800000000000E+0003	 2.96015973952972E+0005
 2.35900000000000E+0003	 2.97222871965601E+0005
 2.36000000000000E+0003	 2.98436165927096E+0005
 2.36100000000000E+0003	 2.99657439781611E+0005
 2.36200000000000E+0003	 3.00886195134648E+0005
 2.36300000000000E+0003	 3.02120975545485E+0005
 2.36400000000000E+0003	 3.03364511709367E+0005
 2.36500000000000E+0003	 3.04614645291807E+0005
 2.36600000000000E+0003	 3.05871385353035E+0005
 2.36700000000000E+0003	 3.07136174011782E+0005
 2.36800000000000E+0003	 3.08407967434000E+0005
 2.36900000000000E+0003	 3.09685591664774E+0005
 2.37000000000000E+0003	 3.10969496606619E+0005
 2.37100000000000E+0003	 3.12256834289305E+0005
 2.37200000000000E+0003	 3.13546202159734E+0005
 2.37300000000000E+0003	 3.14838961893046E+0005
 2.37400000000000E+0003	 3.16133148018774E+0005
 2.37500000000000E+0003	 3.17428902435770E+0005
 2.37600000000000E+0003	 3.18727688276654E+0005
 2.37700000000000E+0003	 3.20028332640461E+0005
 2.37800000000000E+0003	 3.21330427733406E+0005
 2.37900000000000E+0003	 3.22634284544209E+0005
 2.38000000000000E+0003	 3.23939944540727E+0005
 2.38100000000000E+0003	 3.25246028490459E+0005
 2.38200000000000E+0003	 3.26553622319904E+0005
 2.38300000000000E+0003	 3.27862098420950E+0005
 2.38400000000000E+0003	 3.29171017444678E+0005
 2.38500000000000E+0003	 3.30480816965192E+0005
 2.38600000000000E+0003	 3.31791925828233E+0005
 2.38700000000000E+0003	 3.33103100524927E+0005
 2.38800000000000E+0003	 3.34414052005755E+0005
 2.38900000000000E+0003	 3.35724023984942E+0005
 2.39000000000000E+0003	 3.37031400722926E+0005
 2.39100000000000E+0003	 3.38341406256471E+0005
 2.39200000000000E+0003	 3.39644186956079E+0005
 2.39300000000000E+0003	 3.40943843755103E+0005
 2.39400000000000E+0003	 3.42241727102787E+0005
 2.39500000000000E+0003	 3.43537153649728E+0005
 2.39600000000000E+0003	 3.44829778423662E+0005
 2.39700000000000E+0003	 3.46119554917041E+0005
 2.39800000000000E+0003	 3.47407032999750E+0005
 2.39900000000000E+0003	 3.48691559198087E+0005
 2.40000000000000E+0003	 3.49973577907810E+0005
 2.40100000000000E+0003	 3.51253139058746E+0005
 2.40200000000000E+0003	 3.52529678148416E+0005
 2.40300000000000E+0003	 3.53803911860164E+0005
 2.40400000000000E+0003	 3.55075918143294E+0005
 2.40500000000000E+0003	 3.56344373818089E+0005
 2.40600000000000E+0003	 3.57607830413111E+0005
 2.40700000000000E+0003	 3.58865393353561E+0005
 2.40800000000000E+0003	 3.60113132961241E+0005
 2.40900000000000E+0003	 3.61351601321262E+0005
 2.41000000000000E+0003	 3.62579160746018E+0005
 2.41100000000000E+0003	 3.63795608752803E+0005
 2.41200000000000E+0003	 3.65000865356766E+0005
 2.41300000000000E+0003	 3.66196416548336E+0005
 2.41400000000000E+0003	 3.67380751799603E+0005
 2.41500000000000E+0003	 3.68553380999763E+0005
 2.41600000000000E+0003	 3.69716725423836E+0005
 2.41700000000000E+0003	 3.70868956782759E+0005
 2.41800000000000E+0003	 3.72009538385769E+0005
 2.41900000000000E+0003	 3.73140308830713E+0005
 2.42000000000000E+0003	 3.74260077719311E+0005
 2.42100000000000E+0003	 3.75368285423477E+0005
 2.42200000000000E+0003	 3.76466570005610E+0005
 2.42300000000000E+0003	 3.77553573678379E+0005
 2.42400000000000E+0003	 3.78628517886322E+0005
 2.42500000000000E+0003	 3.79691743826258E+0005
 2.42600000000000E+0003	 3.80740547291825E+0005
 2.42700000000000E+0003	 3.81774698584078E+0005
 2.42800000000000E+0003	 3.82794555058251E+0005
 2.42900000000000E+0003	 3.83798500209791E+0005
 2.43000000000000E+0003	 3.84787570504644E+0005
 2.43100000000000E+0003	 3.85761671361923E+0005
 2.43200000000000E+0003	 3.86720597567577E+0005
 2.43300000000000E+0003	 3.87664864960366E+0005
 2.43400000000000E+0003	 3.88593286011621E+0005
 2.43500000000000E+0003	 3.89507756063906E+0005
 2.43600000000000E+0003	 3.90405575913315E+0005
 2.43700000000000E+0003	 3.91289215360012E+0005
 2.43800000000000E+0003	 3.92157192586388E+0005
 2.43900000000000E+0003	 3.93009369855939E+0005
 2.44000000000000E+0003	 3.93847750922110E+0005
 2.44100000000000E+0003	 3.94670082645597E+0005
 2.44200000000000E+0003	 3.95476987019888E+0005
 2.44300000000000E+0003	 3.96267066113561E+0005
 2.44400000000000E+0003	 3.97040662469617E+0005
 2.44500000000000E+0003	 3.97794795076197E+0005
 2.44600000000000E+0003	 3.98531737306839E+0005
 2.44700000000000E+0003	 3.99248893396192E+0005
 2.44800000000000E+0003	 3.99946784562222E+0005
 2.44900000000000E+0003	 4.00626113177094E+0005
 2.45000000000000E+0003	 4.01286968278241E+0005
 2.45100000000000E+0003	 4.01929008624627E+0005
 2.45200000000000E+0003	 4.02551917484065E+0005
 2.45300000000000E+0003	 4.03159336522550E+0005
 2.45400000000000E+0003	 4.03751147953377E+0005
 2.45500000000000E+0003	 4.04327447892851E+0005
 2.45600000000000E+0003	 4.04889817787239E+0005
 2.45700000000000E+0003	 4.05437701666055E+0005
 2.45800000000000E+0003	 4.05970903465664E+0005
 2.45900000000000E+0003	 4.06490688444548E+0005
 2.46000000000000E+0003	 4.06995805162870E+0005
 2.46100000000000E+0003	 4.07486657885094E+0005
 2.46200000000000E+0003	 4.07965674464275E+0005
 2.46300000000000E+0003	 4.08433221322825E+0005
 2.46400000000000E+0003	 4.08890926048315E+0005
 2.46500000000000E+0003	 4.09338617020218E+0005
 2.46600000000000E+0003	 4.09776390008966E+0005
 2.46700000000000E+0003	 4.10204027739343E+0005
 2.46800000000000E+0003	 4.10622990010175E+0005
 2.46900000000000E+0003	 4.11031537567688E+0005
 2.47000000000000E+0003	 4.11431190718621E+0005
 2.47100000000000E+0003	 4.11819822588126E+0005
 2.47200000000000E+0003	 4.12200616628422E+0005
 2.47300000000000E+0003	 4.12569624327682E+0005
 2.47400000000000E+0003	 4.12930569934781E+0005
 2.47500000000000E+0003	 4.13281144301768E+0005
 2.47600000000000E+0003	 4.13621832264324E+0005
 2.47700000000000E+0003	 4.13953672960288E+0005
 2.47800000000000E+0003	 4.14275366446043E+0005
 2.47900000000000E+0003	 4.14588801731759E+0005
 2.48000000000000E+0003	 4.14893752531222E+0005
 2.48100000000000E+0003	 4.15196009616978E+0005
 2.48200000000000E+0003	 4.15494848069309E+0005
 2.48300000000000E+0003	 4.15794287904654E+0005
 2.48400000000000E+0003	 4.16093455920275E+0005
 2.48500000000000E+0003	 4.16392307721496E+0005
 2.48600000000000E+0003	 4.16691862134310E+0005
 2.48700000000000E+0003	 4.16992326969108E+0005
 2.48800000000000E+0003	 4.17292341794688E+0005
 2.48900000000000E+0003	 4.17592388107336E+0005
 2.49000000000000E+0003	 4.17893717330572E+0005
 2.49100000000000E+0003	 4.18195169770223E+0005
 2.49200000000000E+0003	 4.18496274972419E+0005
 2.49300000000000E+0003	 4.18797597790022E+0005
 2.49400000000000E+0003	 4.19099950174980E+0005
 2.49500000000000E+0003	 4.19401478551089E+0005
 2.49600000000000E+0003	 4.19704680942770E+0005
 2.49700000000000E+0003	 4.20008158201392E+0005
 2.49800000000000E+0003	 4.20312108987950E+0005
 2.49900000000000E+0003	 4.20617656180356E+0005
 2.50000000000000E+0003	 4.20928706792441E+0005
 2.50100000000000E+0003	 4.21244200450693E+0005
 2.50200000000000E+0003	 4.21566851335202E+0005
 2.50300000000000E+0003	 4.21895045804541E+0005
 2.50400000000000E+0003	 4.22229556721061E+0005
 2.50500000000000E+0003	 4.22571509429158E+0005
 2.50600000000000E+0003	 4.22919328583336E+0005
 2.50700000000000E+0003	 4.23274451423151E+0005
 2.50800000000000E+0003	 4.23634075622702E+0005
 2.50900000000000E+0003	 4.24002541031865E+0005
 2.51000000000000E+0003	 4.24375470181112E+0005
 2.51100000000000E+0003	 4.24755422156427E+0005
 2.51200000000000E+0003	 4.25141845301931E+0005
 2.51300000000000E+0003	 4.25534601218843E+0005
 2.51400000000000E+0003	 4.25934480745860E+0005
 2.51500000000000E+0003	 4.26340580883738E+0005
 2.51600000000000E+0003	 4.26753151884776E+0005
 2.51700000000000E+0003	 4.27170999279496E+0005
 2.51800000000000E+0003	 4.27595902530482E+0005
 2.51900000000000E+0003	 4.28026034511490E+0005
 2.52000000000000E+0003	 4.28461335310091E+0005
 2.52100000000000E+0003	 4.28901572420491E+0005
 2.52200000000000E+0003	 4.29346451200492E+0005
 2.52300000000000E+0003	 4.29797339267372E+0005
 2.52400000000000E+0003	 4.30253294544805E+0005
 2.52500000000000E+0003	 4.30714161171527E+0005
 2.52600000000000E+0003	 4.31180168864813E+0005
 2.52700000000000E+0003	 4.31649662056488E+0005
 2.52800000000000E+0003	 4.32126708602130E+0005
 2.52900000000000E+0003	 4.32607130903231E+0005
 2.53000000000000E+0003	 4.33093065579748E+0005
 2.53100000000000E+0003	 4.33583848936286E+0005
 2.53200000000000E+0003	 4.34079628342132E+0005
 2.53300000000000E+0003	 4.34581049925198E+0005
 2.53400000000000E+0003	 4.35087594508866E+0005
 2.53500000000000E+0003	 4.35599282982325E+0005
 2.53600000000000E+0003	 4.36115273680066E+0005
 2.53700000000000E+0003	 4.36638653000964E+0005
 2.53800000000000E+0003	 4.37166637723455E+0005
 2.53900000000000E+0003	 4.37701646778142E+0005
 2.54000000000000E+0003	 4.38242249324268E+0005
 2.54100000000000E+0003	 4.38789203604727E+0005
 2.54200000000000E+0003	 4.39342465041566E+0005
 2.54300000000000E+0003	 4.39902216923913E+0005
 2.54400000000000E+0003	 4.40468484451285E+0005
 2.54500000000000E+0003	 4.41039848193274E+0005
 2.54600000000000E+0003	 4.41618115280758E+0005
 2.54700000000000E+0003	 4.42208916722245E+0005
 2.54800000000000E+0003	 4.42799460283046E+0005
 2.54900000000000E+0003	 4.43396889131820E+0005
 2.55000000000000E+0003	 4.43999863863268E+0005
 2.55100000000000E+0003	 4.44609590248573E+0005
 2.55200000000000E+0003	 4.45225739007993E+0005
 2.55300000000000E+0003	 4.45848566905454E+0005
 2.55400000000000E+0003	 4.46477370259389E+0005
 2.55500000000000E+0003	 4.47110993361331E+0005
 2.55600000000000E+0003	 4.47752207478775E+0005
 2.55700000000000E+0003	 4.48397905888758E+0005
 2.55800000000000E+0003	 4.49050191468756E+0005
 2.55900000000000E+0003	 4.49707968646397E+0005
 2.56000000000000E+0003	 4.50370270926150E+0005
 2.56100000000000E+0003	 4.51039871010462E+0005
 2.56200000000000E+0003	 4.51714614196445E+0005
 2.56300000000000E+0003	 4.52395353683636E+0005
 2.56400000000000E+0003	 4.53080876294559E+0005
 2.56500000000000E+0003	 4.53772337470126E+0005
 2.56600000000000E+0003	 4.54470724900272E+0005
 2.56700000000000E+0003	 4.55173345937618E+0005
 2.56800000000000E+0003	 4.55882427367543E+0005
 2.56900000000000E+0003	 4.56596374422837E+0005
 2.57000000000000E+0003	 4.57316711123057E+0005
 2.57100000000000E+0003	 4.58042860760830E+0005
 2.57200000000000E+0003	 4.58774698483897E+0005
 2.57300000000000E+0003	 4.59513109484124E+0005
 2.57400000000000E+0003	 4.60256323795924E+0005
 2.57500000000000E+0003	 4.61008042592621E+0005
 2.57600000000000E+0003	 4.61766440366903E+0005
 2.57700000000000E+0003	 4.62533973577098E+0005
 2.57800000000000E+0003	 4.63309465956166E+0005
 2.57900000000000E+0003	 4.64092541459977E+0005
 2.58000000000000E+0003	 4.64885333422392E+0005
 2.58100000000000E+0003	 4.65685801744393E+0005
 2.58200000000000E+0003	 4.66495346695568E+0005
 2.58300000000000E+0003	 4.67312052623867E+0005
 2.58400000000000E+0003	 4.68137112512628E+0005
 2.58500000000000E+0003	 4.68971633203589E+0005
 2.58600000000000E+0003	 4.69813423832493E+0005
 2.58700000000000E+0003	 4.70663813969953E+0005
 2.58800000000000E+0003	 4.71522097434531E+0005
 2.58900000000000E+0003	 4.72389467731724E+0005
 2.59000000000000E+0003	 4.73265031389047E+0005
 2.59100000000000E+0003	 4.74148954724516E+0005
 2.59200000000000E+0003	 4.75041834059958E+0005
 2.59300000000000E+0003	 4.75942080279131E+0005
 2.59400000000000E+0003	 4.76852466316494E+0005
 2.59500000000000E+0003	 4.77770157739425E+0005
 2.59600000000000E+0003	 4.78697583768183E+0005
 2.59700000000000E+0003	 4.79634038779770E+0005
 2.59800000000000E+0003	 4.80578276990431E+0005
 2.59900000000000E+0003	 4.81532838852575E+0005
 2.60000000000000E+0003	 4.82495926667231E+0005
 2.60100000000000E+0003	 4.83467917925180E+0005
 2.60200000000000E+0003	 4.84447563030642E+0005
 2.60300000000000E+0003	 4.85434673365205E+0005
 2.60400000000000E+0003	 4.86428586374918E+0005
 2.60500000000000E+0003	 4.87426248520353E+0005
 2.60600000000000E+0003	 4.88429059666526E+0005
 2.60700000000000E+0003	 4.89435900277172E+0005
 2.60800000000000E+0003	 4.90447189617640E+0005
 2.60900000000000E+0003	 4.91462969452067E+0005
 2.61000000000000E+0003	 4.92483283807884E+0005
 2.61100000000000E+0003	 4.93508346742896E+0005
 2.61200000000000E+0003	 4.94537562951290E+0005
 2.61300000000000E+0003	 4.95573852730274E+0005
 2.61400000000000E+0003	 4.96615434053623E+0005
 2.61500000000000E+0003	 4.97664622635499E+0005
 2.61600000000000E+0003	 4.98720877741492E+0005
 2.61700000000000E+0003	 4.99783618951002E+0005
 2.61800000000000E+0003	 5.00854336513123E+0005
 2.61900000000000E+0003	 5.01932527489776E+0005
 2.62000000000000E+0003	 5.03016940559677E+0005
 2.62100000000000E+0003	 5.04108570749676E+0005
 2.62200000000000E+0003	 5.05207412626697E+0005
 2.62300000000000E+0003	 5.06314080046418E+0005
 2.62400000000000E+0003	 5.07427068343645E+0005
 2.62500000000000E+0003	 5.08547347325418E+0005
 2.62600000000000E+0003	 5.09674581970067E+0005
 2.62700000000000E+0003	 5.10808932753025E+0005
 2.62800000000000E+0003	 5.11950737480640E+0005
 2.62900000000000E+0003	 5.13100043226725E+0005
 2.63000000000000E+0003	 5.14255968224184E+0005
 2.63100000000000E+0003	 5.15416860397324E+0005
 2.63200000000000E+0003	 5.16582121552030E+0005
 2.63300000000000E+0003	 5.17748770364872E+0005
 2.63400000000000E+0003	 5.18917149860978E+0005
 2.63500000000000E+0003	 5.20085598679080E+0005
 2.63600000000000E+0003	 5.21254325565700E+0005
 2.63700000000000E+0003	 5.22422898210757E+0005
 2.63800000000000E+0003	 5.23592440669669E+0005
 2.63900000000000E+0003	 5.24761265238256E+0005
 2.64000000000000E+0003	 5.25931492790390E+0005
 2.64100000000000E+0003	 5.27100080991306E+0005
 2.64200000000000E+0003	 5.28270696153559E+0005
 2.64300000000000E+0003	 5.29439847937731E+0005
 2.64400000000000E+0003	 5.30610408114881E+0005
 2.64500000000000E+0003	 5.31780773602476E+0005
 2.64600000000000E+0003	 5.32951103520868E+0005
 2.64700000000000E+0003	 5.34122781588090E+0005
 2.64800000000000E+0003	 5.35293893290065E+0005
 2.64900000000000E+0003	 5.36465583565506E+0005
 2.65000000000000E+0003	 5.37637654658102E+0005
 2.65100000000000E+0003	 5.38811253670656E+0005
 2.65200000000000E+0003	 5.39983943042787E+0005
 2.65300000000000E+0003	 5.41159402702814E+0005
 2.65400000000000E+0003	 5.42336301333534E+0005
 2.65500000000000E+0003	 5.43514487891978E+0005
 2.65600000000000E+0003	 5.44693625125894E+0005
 2.65700000000000E+0003	 5.45874954035127E+0005
 2.65800000000000E+0003	 5.47057895607044E+0005
 2.65900000000000E+0003	 5.48241574375561E+0005
 2.66000000000000E+0003	 5.49426117080413E+0005
 2.66100000000000E+0003	 5.50613820613466E+0005
 2.66200000000000E+0003	 5.51801068861282E+0005
 2.66300000000000E+0003	 5.52990477127457E+0005
 2.66400000000000E+0003	 5.54181770014231E+0005
 2.66500000000000E+0003	 5.55374175790361E+0005
 2.66600000000000E+0003	 5.56568718136370E+0005
 2.66700000000000E+0003	 5.57764447145155E+0005
 2.66800000000000E+0003	 5.58961694280709E+0005
 2.66900000000000E+0003	 5.60159574800004E+0005
 2.67000000000000E+0003	 5.61356244145783E+0005
 2.67100000000000E+0003	 5.62550371671776E+0005
 2.67200000000000E+0003	 5.63739820112728E+0005
 2.67300000000000E+0003	 5.64924727220786E+0005
 2.67400000000000E+0003	 5.66104521179856E+0005
 2.67500000000000E+0003	 5.67278308328568E+0005
 2.67600000000000E+0003	 5.68447772096506E+0005
 2.67700000000000E+0003	 5.69611476359656E+0005
 2.67800000000000E+0003	 5.70770076392050E+0005
 2.67900000000000E+0003	 5.71922814480127E+0005
 2.68000000000000E+0003	 5.73068096595248E+0005
 2.68100000000000E+0003	 5.74205134653863E+0005
 2.68200000000000E+0003	 5.75332530000779E+0005
 2.68300000000000E+0003	 5.76451664593547E+0005
 2.68400000000000E+0003	 5.77561376625619E+0005
 2.68500000000000E+0003	 5.78661497153418E+0005
 2.68600000000000E+0003	 5.79753037320541E+0005
 2.68700000000000E+0003	 5.80834316360070E+0005
 2.68800000000000E+0003	 5.81906714979720E+0005
 2.68900000000000E+0003	 5.82967536059625E+0005
 2.69000000000000E+0003	 5.84016530125445E+0005
 2.69100000000000E+0003	 5.85050809587102E+0005
 2.69200000000000E+0003	 5.86071701744368E+0005
 2.69300000000000E+0003	 5.87077074081315E+0005
 2.69400000000000E+0003	 5.88067333771187E+0005
 2.69500000000000E+0003	 5.89043076636978E+0005
 2.69600000000000E+0003	 5.90003828582227E+0005
 2.69700000000000E+0003	 5.90949493257071E+0005
 2.69800000000000E+0003	 5.91880389570351E+0005
 2.69900000000000E+0003	 5.92794706167214E+0005
 2.70000000000000E+0003	 5.93695233356055E+0005
