 1.00000000000000E+0003	 5.44951933940394E+0004
 1.00100000000000E+0003	 5.45130656842139E+0004
 1.00200000000000E+0003	 5.45307882238147E+0004
 1.00300000000000E+0003	 5.45483596174942E+0004
 1.00400000000000E+0003	 5.45657785694267E+0004
 1.00500000000000E+0003	 5.45830697463816E+0004
 1.00600000000000E+0003	 5.46002671544685E+0004
 1.00700000000000E+0003	 5.46173707683993E+0004
 1.00800000000000E+0003	 5.46343805248799E+0004
 1.00900000000000E+0003	 5.46512963864041E+0004
 1.01000000000000E+0003	 5.46681181511784E+0004
 1.01100000000000E+0003	 5.46848458246527E+0004
 1.01200000000000E+0003	 5.47014793844447E+0004
 1.01300000000000E+0003	 5.47180187281540E+0004
 1.01400000000000E+0003	 5.47344637796802E+0004
 1.01500000000000E+0003	 5.47508141311663E+0004
 1.01600000000000E+0003	 5.47670696682405E+0004
 1.01700000000000E+0003	 5.47834987054434E+0004
 1.01800000000000E+0003	 5.48003117471733E+0004
 1.01900000000000E+0003	 5.48175090911040E+0004
 1.02000000000000E+0003	 5.48350909525063E+0004
 1.02100000000000E+0003	 5.48530576708842E+0004
 1.02200000000000E+0003	 5.48714096050305E+0004
 1.02300000000000E+0003	 5.48901470949220E+0004
 1.02400000000000E+0003	 5.49092704679729E+0004
 1.02500000000000E+0003	 5.49287800635555E+0004
 1.02600000000000E+0003	 5.49486761714902E+0004
 1.02700000000000E+0003	 5.49689587964593E+0004
 1.02800000000000E+0003	 5.49896282875522E+0004
 1.02900000000000E+0003	 5.50106851730391E+0004
 1.03000000000000E+0003	 5.50321300452599E+0004
 1.03100000000000E+0003	 5.50539635020401E+0004
 1.03200000000000E+0003	 5.50761858367594E+0004
 1.03300000000000E+0003	 5.50987973475010E+0004
 1.03400000000000E+0003	 5.51217861505218E+0004
 1.03500000000000E+0003	 5.51444932253694E+0004
 1.03600000000000E+0003	 5.51665424118124E+0004
 1.03700000000000E+0003	 5.51879329872767E+0004
 1.03800000000000E+0003	 5.52086644000965E+0004
 1.03900000000000E+0003	 5.52287365041824E+0004
 1.04000000000000E+0003	 5.52481471472768E+0004
 1.04100000000000E+0003	 5.52668967066367E+0004
 1.04200000000000E+0003	 5.52849849656880E+0004
 1.04300000000000E+0003	 5.53024112423105E+0004
 1.04400000000000E+0003	 5.53191749207961E+0004
 1.04500000000000E+0003	 5.53352755061567E+0004
 1.04600000000000E+0003	 5.53507124396930E+0004
 1.04700000000000E+0003	 5.53654852675972E+0004
 1.04800000000000E+0003	 5.53795934688116E+0004
 1.04900000000000E+0003	 5.53930365065407E+0004
 1.05000000000000E+0003	 5.54058137127552E+0004
 1.05100000000000E+0003	 5.54179246061750E+0004
 1.05200000000000E+0003	 5.54293747798197E+0004
 1.05300000000000E+0003	 5.54411344155363E+0004
 1.05400000000000E+0003	 5.54539075388838E+0004
 1.05500000000000E+0003	 5.54676950063521E+0004
 1.05600000000000E+0003	 5.54824976039342E+0004
 1.05700000000000E+0003	 5.54983163828405E+0004
 1.05800000000000E+0003	 5.55151520837114E+0004
 1.05900000000000E+0003	 5.55330055023862E+0004
 1.06000000000000E+0003	 5.55518779537731E+0004
 1.06100000000000E+0003	 5.55717702818574E+0004
 1.06200000000000E+0003	 5.55926833644015E+0004
 1.06300000000000E+0003	 5.56146179906191E+0004
 1.06400000000000E+0003	 5.56375750878662E+0004
 1.06500000000000E+0003	 5.56615555893672E+0004
 1.06600000000000E+0003	 5.56865604188780E+0004
 1.06700000000000E+0003	 5.57125904849853E+0004
 1.06800000000000E+0003	 5.57396467077932E+0004
 1.06900000000000E+0003	 5.57677299582389E+0004
 1.07000000000000E+0003	 5.57968403590388E+0004
 1.07100000000000E+0003	 5.58264837498495E+0004
 1.07200000000000E+0003	 5.58558247704144E+0004
 1.07300000000000E+0003	 5.58848496083331E+0004
 1.07400000000000E+0003	 5.59135579953126E+0004
 1.07500000000000E+0003	 5.59419496509674E+0004
 1.07600000000000E+0003	 5.59700243098031E+0004
 1.07700000000000E+0003	 5.59977817794780E+0004
 1.07800000000000E+0003	 5.60252218226169E+0004
 1.07900000000000E+0003	 5.60523440545776E+0004
 1.08000000000000E+0003	 5.60791480492691E+0004
 1.08100000000000E+0003	 5.61056335330136E+0004
 1.08200000000000E+0003	 5.61318006507938E+0004
 1.08300000000000E+0003	 5.61576474820497E+0004
 1.08400000000000E+0003	 5.61831749527494E+0004
 1.08500000000000E+0003	 5.62083832367461E+0004
 1.08600000000000E+0003	 5.62332720727991E+0004
 1.08700000000000E+0003	 5.62578412525563E+0004
 1.08800000000000E+0003	 5.62820905316090E+0004
 1.08900000000000E+0003	 5.63907682037026E+0004
 1.09000000000000E+0003	 5.71494744241947E+0004
 1.09100000000000E+0003	 5.86631943784672E+0004
 1.09200000000000E+0003	 6.08938816048785E+0004
 1.09300000000000E+0003	 6.34756889292403E+0004
 1.09400000000000E+0003	 6.61067592646694E+0004
 1.09500000000000E+0003	 6.84866721427713E+0004
 1.09600000000000E+0003	 7.04860335306377E+0004
 1.09700000000000E+0003	 7.20621886652949E+0004
 1.09800000000000E+0003	 7.32193021972934E+0004
 1.09900000000000E+0003	 7.40797358005540E+0004
 1.10000000000000E+0003	 7.46982982801672E+0004
 1.10100000000000E+0003	 7.50765526592928E+0004
 1.10200000000000E+0003	 7.53395531017038E+0004
 1.10300000000000E+0003	 7.55642777471852E+0004
 1.10400000000000E+0003	 7.57506970698937E+0004
 1.10500000000000E+0003	 7.58987815759548E+0004
 1.10600000000000E+0003	 7.60085015561182E+0004
 1.10700000000000E+0003	 7.60798274247534E+0004
 1.10800000000000E+0003	 7.61297486366271E+0004
 1.10900000000000E+0003	 7.61802528466675E+0004
 1.11000000000000E+0003	 7.62314283754210E+0004
 1.11100000000000E+0003	 7.62832758410624E+0004
 1.11200000000000E+0003	 7.63357957597771E+0004
 1.11300000000000E+0003	 7.63889894009361E+0004
 1.11400000000000E+0003	 7.64420848458776E+0004
 1.11500000000000E+0003	 7.64929653298873E+0004
 1.11600000000000E+0003	 7.65415084136496E+0004
 1.11700000000000E+0003	 7.65877121119940E+0004
 1.11800000000000E+0003	 7.66315743934855E+0004
 1.11900000000000E+0003	 7.66730932350121E+0004
 1.12000000000000E+0003	 7.67126874585735E+0004
 1.12100000000000E+0003	 7.67530500329657E+0004
 1.12200000000000E+0003	 7.67946601473088E+0004
 1.12300000000000E+0003	 7.68375187158484E+0004
 1.12400000000000E+0003	 7.68816267861379E+0004
 1.12500000000000E+0003	 7.69269858399761E+0004
 1.12600000000000E+0003	 7.69736547868964E+0004
 1.12700000000000E+0003	 7.70231249312423E+0004
 1.12800000000000E+0003	 7.70760435994618E+0004
 1.12900000000000E+0003	 7.71324139065994E+0004
 1.13000000000000E+0003	 7.71922387214679E+0004
 1.13100000000000E+0003	 7.72555208327621E+0004
 1.13200000000000E+0003	 7.73222629901215E+0004
 1.13300000000000E+0003	 7.74224964228606E+0004
 1.13400000000000E+0003	 7.75906865927601E+0004
 1.13500000000000E+0003	 7.78269278086034E+0004
 1.13600000000000E+0003	 7.81312748350588E+0004
 1.13700000000000E+0003	 7.85037827075563E+0004
 1.13800000000000E+0003	 7.89445065151091E+0004
 1.13900000000000E+0003	 7.94464195428192E+0004
 1.14000000000000E+0003	 7.99875063949673E+0004
 1.14100000000000E+0003	 8.05662146691187E+0004
 1.14200000000000E+0003	 8.11825878082792E+0004
 1.14300000000000E+0003	 8.18366716365609E+0004
 1.14400000000000E+0003	 8.25284994153906E+0004
 1.14500000000000E+0003	 8.32487087622568E+0004
 1.14600000000000E+0003	 8.38996310687514E+0004
 1.14700000000000E+0003	 8.44553021188946E+0004
 1.14800000000000E+0003	 8.49156366808166E+0004
 1.14900000000000E+0003	 8.52805492210937E+0004
 1.15000000000000E+0003	 8.55499543311905E+0004
 1.15100000000000E+0003	 8.57238951101403E+0004
 1.15200000000000E+0003	 8.58492459774304E+0004
 1.15300000000000E+0003	 8.59639684148174E+0004
 1.15400000000000E+0003	 8.60680529784752E+0004
 1.15500000000000E+0003	 8.61614901233460E+0004
 1.15600000000000E+0003	 8.62442686802925E+0004
 1.15700000000000E+0003	 8.63163785243560E+0004
 1.15800000000000E+0003	 8.63800468172726E+0004
 1.15900000000000E+0003	 8.64414050548865E+0004
 1.16000000000000E+0003	 8.65008033270557E+0004
 1.16100000000000E+0003	 8.65582399236898E+0004
 1.16200000000000E+0003	 8.66137131691199E+0004
 1.16300000000000E+0003	 8.66672214651779E+0004
 1.16400000000000E+0003	 8.67187631671414E+0004
 1.16500000000000E+0003	 8.67683364521402E+0004
 1.16600000000000E+0003	 8.68159395269047E+0004
 1.16700000000000E+0003	 8.68615706944003E+0004
 1.16800000000000E+0003	 8.69052287147419E+0004
 1.16900000000000E+0003	 8.69469101179672E+0004
 1.17000000000000E+0003	 8.69866145011150E+0004
 1.17100000000000E+0003	 8.70248651964126E+0004
 1.17200000000000E+0003	 8.70622148851105E+0004
 1.17300000000000E+0003	 8.70986627589142E+0004
 1.17400000000000E+0003	 8.71342080811555E+0004
 1.17500000000000E+0003	 8.71688501029503E+0004
 1.17600000000000E+0003	 8.72025881172415E+0004
 1.17700000000000E+0003	 8.72354213034466E+0004
 1.17800000000000E+0003	 8.72673488809741E+0004
 1.17900000000000E+0003	 8.72983699740911E+0004
 1.18000000000000E+0003	 8.73284839074874E+0004
 1.18100000000000E+0003	 8.73576899870283E+0004
 1.18200000000000E+0003	 8.73859872992335E+0004
 1.18300000000000E+0003	 8.74134007044937E+0004
 1.18400000000000E+0003	 8.74408782036651E+0004
 1.18500000000000E+0003	 8.74689010688225E+0004
 1.18600000000000E+0003	 8.74974696918308E+0004
 1.18700000000000E+0003	 8.75265844499030E+0004
 1.18800000000000E+0003	 8.75562464106083E+0004
 1.18900000000000E+0003	 8.75864562007319E+0004
 1.19000000000000E+0003	 8.76172145223942E+0004
 1.19100000000000E+0003	 8.76485218553999E+0004
 1.19200000000000E+0003	 8.76803785450563E+0004
 1.19300000000000E+0003	 8.77127851793046E+0004
 1.19400000000000E+0003	 8.77457423275086E+0004
 1.19500000000000E+0003	 8.77792505304741E+0004
 1.19600000000000E+0003	 8.78131938435705E+0004
 1.19700000000000E+0003	 8.78459205368091E+0004
 1.19800000000000E+0003	 8.78768933144149E+0004
 1.19900000000000E+0003	 8.79061102327653E+0004
 1.20000000000000E+0003	 8.79335700384029E+0004
 1.20100000000000E+0003	 8.79592711295261E+0004
 1.20200000000000E+0003	 8.79832123238711E+0004
 1.20300000000000E+0003	 8.80053920416966E+0004
 1.20400000000000E+0003	 8.80258086454102E+0004
 1.20500000000000E+0003	 8.80444605320612E+0004
 1.20600000000000E+0003	 8.80613461716099E+0004
 1.20700000000000E+0003	 8.80764639845216E+0004
 1.20800000000000E+0003	 8.80898121922813E+0004
 1.20900000000000E+0003	 8.81016238000462E+0004
 1.21000000000000E+0003	 8.81143135207488E+0004
 1.21100000000000E+0003	 8.81285186722293E+0004
 1.21200000000000E+0003	 8.81442387242172E+0004
 1.21300000000000E+0003	 8.81614764299886E+0004
 1.21400000000000E+0003	 8.81802328971096E+0004
 1.21500000000000E+0003	 8.82005100951034E+0004
 1.21600000000000E+0003	 8.82223092101220E+0004
 1.21700000000000E+0003	 8.82456316278346E+0004
 1.21800000000000E+0003	 8.82704788591811E+0004
 1.21900000000000E+0003	 8.82968524717927E+0004
 1.22000000000000E+0003	 8.83247538023317E+0004
 1.22100000000000E+0003	 8.83541842156845E+0004
 1.22200000000000E+0003	 8.83850105171077E+0004
 1.22300000000000E+0003	 8.84157783804503E+0004
 1.22400000000000E+0003	 8.84460907466854E+0004
 1.22500000000000E+0003	 8.84759470578511E+0004
 1.22600000000000E+0003	 8.85053470279875E+0004
 1.22700000000000E+0003	 8.85342902165659E+0004
 1.22800000000000E+0003	 8.85627763124035E+0004
 1.22900000000000E+0003	 8.85908048347949E+0004
 1.23000000000000E+0003	 8.86183748255718E+0004
 1.23100000000000E+0003	 8.86454861992190E+0004
 1.23200000000000E+0003	 8.86721385798182E+0004
 1.23300000000000E+0003	 8.86983318236412E+0004
 1.23400000000000E+0003	 8.87240655976228E+0004
 1.23500000000000E+0003	 8.87494678248151E+0004
 1.23600000000000E+0003	 8.87767210584489E+0004
 1.23700000000000E+0003	 8.88066122436582E+0004
 1.23800000000000E+0003	 8.88391439603549E+0004
 1.23900000000000E+0003	 8.88743188054864E+0004
 1.24000000000000E+0003	 8.89121393949567E+0004
 1.24100000000000E+0003	 8.89526082713097E+0004
 1.24200000000000E+0003	 8.89957275147624E+0004
 1.24300000000000E+0003	 8.90415000686985E+0004
 1.24400000000000E+0003	 8.90899283772114E+0004
 1.24500000000000E+0003	 8.91410152914532E+0004
 1.24600000000000E+0003	 8.91947632291886E+0004
 1.24700000000000E+0003	 8.92511747062852E+0004
 1.24800000000000E+0003	 8.93102080339742E+0004
 1.24900000000000E+0003	 8.93689500406491E+0004
 1.25000000000000E+0003	 8.94256429688386E+0004
 1.25100000000000E+0003	 8.94802843170740E+0004
 1.25200000000000E+0003	 8.95328720826350E+0004
 1.25300000000000E+0003	 8.95834042591469E+0004
 1.25400000000000E+0003	 8.96318793157991E+0004
 1.25500000000000E+0003	 8.96782934894905E+0004
 1.25600000000000E+0003	 8.97226462124592E+0004
 1.25700000000000E+0003	 8.97649353496373E+0004
 1.25800000000000E+0003	 8.98051594639758E+0004
 1.25900000000000E+0003	 8.98433164445331E+0004
 1.26000000000000E+0003	 8.98794043471316E+0004
 1.26100000000000E+0003	 8.99134212180152E+0004
 1.26200000000000E+0003	 8.99472907023641E+0004
 1.26300000000000E+0003	 8.99836524127418E+0004
 1.26400000000000E+0003	 9.00225244360783E+0004
 1.26500000000000E+0003	 9.00639090326863E+0004
 1.26600000000000E+0003	 9.01078086653171E+0004
 1.26700000000000E+0003	 9.01542257146123E+0004
 1.26800000000000E+0003	 9.02031624757928E+0004
 1.26900000000000E+0003	 9.02546214490311E+0004
 1.27000000000000E+0003	 9.03086050318169E+0004
 1.27100000000000E+0003	 9.03651157145524E+0004
 1.27200000000000E+0003	 9.04241558475687E+0004
 1.27300000000000E+0003	 9.04857272142334E+0004
 1.27400000000000E+0003	 9.05498327442810E+0004
 1.27500000000000E+0003	 9.06151463403855E+0004
 1.27600000000000E+0003	 9.06767074250990E+0004
 1.27700000000000E+0003	 9.07340417073157E+0004
 1.27800000000000E+0003	 9.07871450522779E+0004
 1.27900000000000E+0003	 9.08360135810919E+0004
 1.28000000000000E+0003	 9.08806433188797E+0004
 1.28100000000000E+0003	 9.09210302714484E+0004
 1.28200000000000E+0003	 9.09685595646892E+0004
 1.28300000000000E+0003	 9.10368049682164E+0004
 1.28400000000000E+0003	 9.11258104048919E+0004
 1.28500000000000E+0003	 9.12355940740657E+0004
 1.28600000000000E+0003	 9.13661751120134E+0004
 1.28700000000000E+0003	 9.15175721424252E+0004
 1.28800000000000E+0003	 9.16888214357485E+0004
 1.28900000000000E+0003	 9.18606195947071E+0004
 1.29000000000000E+0003	 9.20254775004922E+0004
 1.29100000000000E+0003	 9.21833888844213E+0004
 1.29200000000000E+0003	 9.23343475318840E+0004
 1.29300000000000E+0003	 9.24783471572812E+0004
 1.29400000000000E+0003	 9.26153812325120E+0004
 1.29500000000000E+0003	 9.27454434274781E+0004
 1.29600000000000E+0003	 9.28685273460370E+0004
 1.29700000000000E+0003	 9.29846270034229E+0004
 1.29800000000000E+0003	 9.30937344600622E+0004
 1.29900000000000E+0003	 9.31976708783363E+0004
 1.30000000000000E+0003	 9.33062925729558E+0004
 1.30100000000000E+0003	 9.34210770703980E+0004
 1.30200000000000E+0003	 9.35412284381736E+0004
 1.30300000000000E+0003	 9.36652849231592E+0004
 1.30400000000000E+0003	 9.37932186686988E+0004
 1.30500000000000E+0003	 9.39250330852975E+0004
 1.30600000000000E+0003	 9.40607315509460E+0004
 1.30700000000000E+0003	 9.42003174284037E+0004
 1.30800000000000E+0003	 9.43437940549963E+0004
 1.30900000000000E+0003	 9.44911649705593E+0004
 1.31000000000000E+0003	 9.46424335994463E+0004
 1.31100000000000E+0003	 9.47976033398026E+0004
 1.31200000000000E+0003	 9.49566777295698E+0004
 1.31300000000000E+0003	 9.51196602633419E+0004
 1.31400000000000E+0003	 9.52865544891959E+0004
 1.31500000000000E+0003	 9.54573347740024E+0004
 1.31600000000000E+0003	 9.56316272522031E+0004
 1.31700000000000E+0003	 9.58093200417508E+0004
 1.31800000000000E+0003	 9.59904160297317E+0004
 1.31900000000000E+0003	 9.61749186387099E+0004
 1.32000000000000E+0003	 9.63628307153676E+0004
 1.32100000000000E+0003	 9.65541552206708E+0004
 1.32200000000000E+0003	 9.67488953511483E+0004
 1.32300000000000E+0003	 9.69470542166518E+0004
 1.32400000000000E+0003	 9.71486349104705E+0004
 1.32500000000000E+0003	 9.73536405734103E+0004
 1.32600000000000E+0003	 9.75620743202893E+0004
 1.32700000000000E+0003	 9.77739391577012E+0004
 1.32800000000000E+0003	 9.79892377606748E+0004
 1.32900000000000E+0003	 9.82134133778540E+0004
 1.33000000000000E+0003	 9.84592030949594E+0004
 1.33100000000000E+0003	 9.87271517766108E+0004
 1.33200000000000E+0003	 9.90172791374922E+0004
 1.33300000000000E+0003	 9.93296068254254E+0004
 1.33400000000000E+0003	 9.96641569557817E+0004
 1.33500000000000E+0003	 1.00020950014646E+0005
 1.33600000000000E+0003	 1.00400006445842E+0005
 1.33700000000000E+0003	 1.00801346495302E+0005
 1.33800000000000E+0003	 1.01224990679979E+0005
 1.33900000000000E+0003	 1.01670959434229E+0005
 1.34000000000000E+0003	 1.02139273585456E+0005
 1.34100000000000E+0003	 1.02629952291473E+0005
 1.34200000000000E+0003	 1.03143565095709E+0005
 1.34300000000000E+0003	 1.03724844364040E+0005
 1.34400000000000E+0003	 1.04402252255797E+0005
 1.34500000000000E+0003	 1.05175877466536E+0005
 1.34600000000000E+0003	 1.06068877237873E+0005
 1.34700000000000E+0003	 1.07148016035886E+0005
 1.34800000000000E+0003	 1.08417666817512E+0005
 1.34900000000000E+0003	 1.09864481242738E+0005
 1.35000000000000E+0003	 1.11238323257347E+0005
 1.35100000000000E+0003	 1.12445014154725E+0005
 1.35200000000000E+0003	 1.13484415219513E+0005
 1.35300000000000E+0003	 1.14364600278635E+0005
 1.35400000000000E+0003	 1.15099958318094E+0005
 1.35500000000000E+0003	 1.15690645248763E+0005
 1.35600000000000E+0003	 1.16147155668940E+0005
 1.35700000000000E+0003	 1.16562679910647E+0005
 1.35800000000000E+0003	 1.16959002225398E+0005
 1.35900000000000E+0003	 1.17336105900956E+0005
 1.36000000000000E+0003	 1.17726057807598E+0005
 1.36100000000000E+0003	 1.18164689257253E+0005
 1.36200000000000E+0003	 1.18652067771671E+0005
 1.36300000000000E+0003	 1.19203991784832E+0005
 1.36400000000000E+0003	 1.19904921479061E+0005
 1.36500000000000E+0003	 1.20767483900653E+0005
 1.36600000000000E+0003	 1.21791814131233E+0005
 1.36700000000000E+0003	 1.22978047097330E+0005
 1.36800000000000E+0003	 1.24326343065086E+0005
 1.36900000000000E+0003	 1.25836871249234E+0005
 1.37000000000000E+0003	 1.27525863721423E+0005
 1.37100000000000E+0003	 1.29453138688050E+0005
 1.37200000000000E+0003	 1.31624514361336E+0005
 1.37300000000000E+0003	 1.34037493944436E+0005
 1.37400000000000E+0003	 1.36575382137325E+0005
 1.37500000000000E+0003	 1.39176091799795E+0005
 1.37600000000000E+0003	 1.41839680221341E+0005
 1.37700000000000E+0003	 1.44505505550622E+0005
 1.37800000000000E+0003	 1.47004650901047E+0005
 1.37900000000000E+0003	 1.49327023411161E+0005
 1.38000000000000E+0003	 1.51469904170935E+0005
 1.38100000000000E+0003	 1.53375613868226E+0005
 1.38200000000000E+0003	 1.55020154357589E+0005
 1.38300000000000E+0003	 1.56403286765816E+0005
 1.38400000000000E+0003	 1.57581785000022E+0005
 1.38500000000000E+0003	 1.58682240450415E+0005
 1.38600000000000E+0003	 1.59709216943889E+0005
 1.38700000000000E+0003	 1.60662651103459E+0005
 1.38800000000000E+0003	 1.61542479112191E+0005
 1.38900000000000E+0003	 1.62348637156858E+0005
 1.39000000000000E+0003	 1.63081061259072E+0005
 1.39100000000000E+0003	 1.63744059768464E+0005
 1.39200000000000E+0003	 1.64345826590256E+0005
 1.39300000000000E+0003	 1.64886502523710E+0005
 1.39400000000000E+0003	 1.65366034575027E+0005
 1.39500000000000E+0003	 1.65784369696483E+0005
 1.39600000000000E+0003	 1.66141454624249E+0005
 1.39700000000000E+0003	 1.66437236082927E+0005
 1.39800000000000E+0003	 1.66692116887811E+0005
 1.39900000000000E+0003	 1.66940876413274E+0005
 1.40000000000000E+0003	 1.67184088901568E+0005
 1.40100000000000E+0003	 1.67421749412250E+0005
 1.40200000000000E+0003	 1.67653852393849E+0005
 1.40300000000000E+0003	 1.67880389931306E+0005
 1.40400000000000E+0003	 1.68101353541157E+0005
 1.40500000000000E+0003	 1.68321129290617E+0005
 1.40600000000000E+0003	 1.68546856393550E+0005
 1.40700000000000E+0003	 1.68778639445781E+0005
 1.40800000000000E+0003	 1.69016483389830E+0005
 1.40900000000000E+0003	 1.69260393174635E+0005
 1.41000000000000E+0003	 1.69510373429043E+0005
 1.41100000000000E+0003	 1.69766429533009E+0005
 1.41200000000000E+0003	 1.70034772764125E+0005
 1.41300000000000E+0003	 1.70325685040459E+0005
 1.41400000000000E+0003	 1.70639338256355E+0005
 1.41500000000000E+0003	 1.70975750803394E+0005
 1.41600000000000E+0003	 1.71334941605012E+0005
 1.41700000000000E+0003	 1.71716929116854E+0005
 1.41800000000000E+0003	 1.72121731646106E+0005
 1.41900000000000E+0003	 1.72555562736914E+0005
 1.42000000000000E+0003	 1.73029513686385E+0005
 1.42100000000000E+0003	 1.73543835389137E+0005
 1.42200000000000E+0003	 1.74097851765963E+0005
 1.42300000000000E+0003	 1.74681762814261E+0005
 1.42400000000000E+0003	 1.75292466325808E+0005
 1.42500000000000E+0003	 1.75929986182659E+0005
 1.42600000000000E+0003	 1.76568343556789E+0005
 1.42700000000000E+0003	 1.77154252843703E+0005
 1.42800000000000E+0003	 1.77686082149694E+0005
 1.42900000000000E+0003	 1.78164548946029E+0005
 1.43000000000000E+0003	 1.78603671388028E+0005
 1.43100000000000E+0003	 1.79008684458585E+0005
 1.43200000000000E+0003	 1.79379558030994E+0005
 1.43300000000000E+0003	 1.79717785649895E+0005
 1.43400000000000E+0003	 1.80027129031020E+0005
 1.43500000000000E+0003	 1.80307741348263E+0005
 1.43600000000000E+0003	 1.80559596989954E+0005
 1.43700000000000E+0003	 1.80782670596253E+0005
 1.43800000000000E+0003	 1.80976936776340E+0005
 1.43900000000000E+0003	 1.81142370035293E+0005
 1.44000000000000E+0003	 1.81283285974039E+0005
 1.44100000000000E+0003	 1.81413622208016E+0005
 1.44200000000000E+0003	 1.81534424564813E+0005
 1.44300000000000E+0003	 1.81645685394330E+0005
 1.44400000000000E+0003	 1.81747396737326E+0005
 1.44500000000000E+0003	 1.81839550126874E+0005
 1.44600000000000E+0003	 1.81922138446927E+0005
 1.44700000000000E+0003	 1.81995153831940E+0005
 1.44800000000000E+0003	 1.82058588643654E+0005
 1.44900000000000E+0003	 1.82112434865979E+0005
 1.45000000000000E+0003	 1.82159446279800E+0005
 1.45100000000000E+0003	 1.82206699691108E+0005
 1.45200000000000E+0003	 1.82254551159842E+0005
 1.45300000000000E+0003	 1.82303000728723E+0005
 1.45400000000000E+0003	 1.82352049400871E+0005
 1.45500000000000E+0003	 1.82401697626814E+0005
 1.45600000000000E+0003	 1.82451945739513E+0005
 1.45700000000000E+0003	 1.82502794025565E+0005
 1.45800000000000E+0003	 1.82554242957365E+0005
 1.45900000000000E+0003	 1.82606293634269E+0005
 1.46000000000000E+0003	 1.82658946493268E+0005
 1.46100000000000E+0003	 1.82712159306811E+0005
 1.46200000000000E+0003	 1.82765398449385E+0005
 1.46300000000000E+0003	 1.82818503296374E+0005
 1.46400000000000E+0003	 1.82871473806500E+0005
 1.46500000000000E+0003	 1.82924309794867E+0005
 1.46600000000000E+0003	 1.82977010302319E+0005
 1.46700000000000E+0003	 1.83029575851882E+0005
 1.46800000000000E+0003	 1.83082006637241E+0005
 1.46900000000000E+0003	 1.83134301184982E+0005
 1.47000000000000E+0003	 1.83186459828587E+0005
 1.47100000000000E+0003	 1.83238482958206E+0005
 1.47200000000000E+0003	 1.83290370485872E+0005
 1.47300000000000E+0003	 1.83342122485834E+0005
 1.47400000000000E+0003	 1.83393738774669E+0005
 1.47500000000000E+0003	 1.83445219212800E+0005
 1.47600000000000E+0003	 1.83496563504463E+0005
 1.47700000000000E+0003	 1.83547771657750E+0005
 1.47800000000000E+0003	 1.83598843834211E+0005
 1.47900000000000E+0003	 1.83649780005838E+0005
 1.48000000000000E+0003	 1.83700580142687E+0005
 1.48100000000000E+0003	 1.83751244202430E+0005
 1.48200000000000E+0003	 1.83801772077502E+0005
 1.48300000000000E+0003	 1.83853138400062E+0005
 1.48400000000000E+0003	 1.83907020263521E+0005
 1.48500000000000E+0003	 1.83963448782433E+0005
 1.48600000000000E+0003	 1.84022426243371E+0005
 1.48700000000000E+0003	 1.84083954637099E+0005
 1.48800000000000E+0003	 1.84148035574314E+0005
 1.48900000000000E+0003	 1.84214671922093E+0005
 1.49000000000000E+0003	 1.84283865859909E+0005
 1.49100000000000E+0003	 1.84355619758467E+0005
 1.49200000000000E+0003	 1.84429935657621E+0005
 1.49300000000000E+0003	 1.84506815737270E+0005
 1.49400000000000E+0003	 1.84586262238692E+0005
 1.49500000000000E+0003	 1.84668277616724E+0005
 1.49600000000000E+0003	 1.84752863616254E+0005
 1.49700000000000E+0003	 1.84840022482757E+0005
 1.49800000000000E+0003	 1.84929755838896E+0005
 1.49900000000000E+0003	 1.85022065648864E+0005
 1.50000000000000E+0003	 1.85116953902342E+0005
 1.50100000000000E+0003	 1.85214422743231E+0005
 1.50200000000000E+0003	 1.85314474964159E+0005
 1.50300000000000E+0003	 1.85417112606175E+0005
 1.50400000000000E+0003	 1.85522261272659E+0005
 1.50500000000000E+0003	 1.85627551597364E+0005
 1.50600000000000E+0003	 1.85731860516816E+0005
 1.50700000000000E+0003	 1.85835187278936E+0005
 1.50800000000000E+0003	 1.85937530923394E+0005
 1.50900000000000E+0003	 1.86038889871209E+0005
 1.51000000000000E+0003	 1.86139263880440E+0005
 1.51100000000000E+0003	 1.86238652436717E+0005
 1.51200000000000E+0003	 1.86337053281874E+0005
 1.51300000000000E+0003	 1.86434466166763E+0005
 1.51400000000000E+0003	 1.86530890666999E+0005
 1.51500000000000E+0003	 1.86626326026854E+0005
 1.51600000000000E+0003	 1.86720770560309E+0005
 1.51700000000000E+0003	 1.86814222409982E+0005
 1.51800000000000E+0003	 1.86906680740995E+0005
 1.51900000000000E+0003	 1.86998144576890E+0005
 1.52000000000000E+0003	 1.87088613255112E+0005
 1.52100000000000E+0003	 1.87178085938427E+0005
 1.52200000000000E+0003	 1.87266561641329E+0005
 1.52300000000000E+0003	 1.87354039663388E+0005
 1.52400000000000E+0003	 1.87440519268833E+0005
 1.52500000000000E+0003	 1.87525999659234E+0005
 1.52600000000000E+0003	 1.87610965044467E+0005
 1.52700000000000E+0003	 1.87699819093335E+0005
 1.52800000000000E+0003	 1.87793621397231E+0005
 1.52900000000000E+0003	 1.87892376005804E+0005
 1.53000000000000E+0003	 1.87996086679233E+0005
 1.53100000000000E+0003	 1.88104756920330E+0005
 1.53200000000000E+0003	 1.88218391373345E+0005
 1.53300000000000E+0003	 1.88336994043304E+0005
 1.53400000000000E+0003	 1.88460569096556E+0005
 1.53500000000000E+0003	 1.88589120398033E+0005
 1.53600000000000E+0003	 1.88722651235189E+0005
 1.53700000000000E+0003	 1.88861164862271E+0005
 1.53800000000000E+0003	 1.89004665421057E+0005
 1.53900000000000E+0003	 1.89153156420654E+0005
 1.54000000000000E+0003	 1.89306642288251E+0005
 1.54100000000000E+0003	 1.89465126900123E+0005
 1.54200000000000E+0003	 1.89628613979326E+0005
 1.54300000000000E+0003	 1.89797107334540E+0005
 1.54400000000000E+0003	 1.89970610899314E+0005
 1.54500000000000E+0003	 1.90149129277391E+0005
 1.54600000000000E+0003	 1.90332666226331E+0005
 1.54700000000000E+0003	 1.90521225646076E+0005
 1.54800000000000E+0003	 1.90713939751261E+0005
 1.54900000000000E+0003	 1.90904175113487E+0005
 1.55000000000000E+0003	 1.91090550636317E+0005
 1.55100000000000E+0003	 1.91273063085375E+0005
 1.55200000000000E+0003	 1.91451708727923E+0005
 1.55300000000000E+0003	 1.91626485049663E+0005
 1.55400000000000E+0003	 1.91797389314248E+0005
 1.55500000000000E+0003	 1.91964416981070E+0005
 1.55600000000000E+0003	 1.92127566565518E+0005
 1.55700000000000E+0003	 1.92286836144500E+0005
 1.55800000000000E+0003	 1.92442222692228E+0005
 1.55900000000000E+0003	 1.92593723146581E+0005
 1.56000000000000E+0003	 1.92741334295938E+0005
 1.56100000000000E+0003	 1.92885052928910E+0005
 1.56200000000000E+0003	 1.93024875689009E+0005
 1.56300000000000E+0003	 1.93160799535890E+0005
 1.56400000000000E+0003	 1.93292821232104E+0005
 1.56500000000000E+0003	 1.93420937412791E+0005
 1.56600000000000E+0003	 1.93545144979039E+0005
 1.56700000000000E+0003	 1.93665440807909E+0005
 1.56800000000000E+0003	 1.93781821698418E+0005
 1.56900000000000E+0003	 1.93894284503234E+0005
 1.57000000000000E+0003	 1.94003612879683E+0005
 1.57100000000000E+0003	 1.94120529212212E+0005
 1.57200000000000E+0003	 1.94248437495466E+0005
 1.57300000000000E+0003	 1.94387346480501E+0005
 1.57400000000000E+0003	 1.94537264770068E+0005
 1.57500000000000E+0003	 1.94698201994712E+0005
 1.57600000000000E+0003	 1.94870165541576E+0005
 1.57700000000000E+0003	 1.95053162595721E+0005
 1.57800000000000E+0003	 1.95247201640667E+0005
 1.57900000000000E+0003	 1.95452291320950E+0005
 1.58000000000000E+0003	 1.95668440332428E+0005
 1.58100000000000E+0003	 1.95895657519286E+0005
 1.58200000000000E+0003	 1.96133951189383E+0005
 1.58300000000000E+0003	 1.96383330505578E+0005
 1.58400000000000E+0003	 1.96643804105463E+0005
 1.58500000000000E+0003	 1.96913839091462E+0005
 1.58600000000000E+0003	 1.97183849759748E+0005
 1.58700000000000E+0003	 1.97452178299063E+0005
 1.58800000000000E+0003	 1.97718824060361E+0005
 1.58900000000000E+0003	 1.97983785472568E+0005
 1.59000000000000E+0003	 1.98247061171306E+0005
 1.59100000000000E+0003	 1.98508649805919E+0005
 1.59200000000000E+0003	 1.98768550055431E+0005
 1.59300000000000E+0003	 1.99026760649599E+0005
 1.59400000000000E+0003	 1.99283280039893E+0005
 1.59500000000000E+0003	 1.99538106292806E+0005
 1.59600000000000E+0003	 1.99791238583836E+0005
 1.59700000000000E+0003	 2.00042675909116E+0005
 1.59800000000000E+0003	 2.00292415406625E+0005
 1.59900000000000E+0003	 2.00540456538856E+0005
 1.60000000000000E+0003	 2.00787785694668E+0005
 1.60100000000000E+0003	 2.01038644221436E+0005
 1.60200000000000E+0003	 2.01293520176528E+0005
 1.60300000000000E+0003	 2.01552416697767E+0005
 1.60400000000000E+0003	 2.01815317108595E+0005
 1.60500000000000E+0003	 2.02080010707888E+0005
 1.60600000000000E+0003	 2.02344995074841E+0005
 1.60700000000000E+0003	 2.02610285370308E+0005
 1.60800000000000E+0003	 2.02877362076467E+0005
 1.60900000000000E+0003	 2.03147207724871E+0005
 1.61000000000000E+0003	 2.03419824581875E+0005
 1.61100000000000E+0003	 2.03695214826349E+0005
 1.61200000000000E+0003	 2.03973380750930E+0005
 1.61300000000000E+0003	 2.04254324327330E+0005
 1.61400000000000E+0003	 2.04538048002616E+0005
 1.61500000000000E+0003	 2.04824662237627E+0005
 1.61600000000000E+0003	 2.05114592467262E+0005
 1.61700000000000E+0003	 2.05407883793854E+0005
 1.61800000000000E+0003	 2.05704537859141E+0005
 1.61900000000000E+0003	 2.06004555722433E+0005
 1.62000000000000E+0003	 2.06307940112138E+0005
 1.62100000000000E+0003	 2.06614693487747E+0005
 1.62200000000000E+0003	 2.06924835324652E+0005
 1.62300000000000E+0003	 2.07240321217013E+0005
 1.62400000000000E+0003	 2.07562491789370E+0005
 1.62500000000000E+0003	 2.07891351911043E+0005
 1.62600000000000E+0003	 2.08226907226001E+0005
 1.62700000000000E+0003	 2.08569162876999E+0005
 1.62800000000000E+0003	 2.08918123813966E+0005
 1.62900000000000E+0003	 2.09273795179680E+0005
 1.63000000000000E+0003	 2.09636182160198E+0005
 1.63100000000000E+0003	 2.10005290666533E+0005
 1.63200000000000E+0003	 2.10381125633258E+0005
 1.63300000000000E+0003	 2.10763692267760E+0005
 1.63400000000000E+0003	 2.11152995780537E+0005
 1.63500000000000E+0003	 2.11549041414404E+0005
 1.63600000000000E+0003	 2.11951834484305E+0005
 1.63700000000000E+0003	 2.12361380656098E+0005
 1.63800000000000E+0003	 2.12779113338636E+0005
 1.63900000000000E+0003	 2.13206350049027E+0005
 1.64000000000000E+0003	 2.13643098539686E+0005
 1.64100000000000E+0003	 2.14089364666826E+0005
 1.64200000000000E+0003	 2.14545156750399E+0005
 1.64300000000000E+0003	 2.15010482377167E+0005
 1.64400000000000E+0003	 2.15485349236912E+0005
 1.64500000000000E+0003	 2.15969764818555E+0005
 1.64600000000000E+0003	 2.16463736556279E+0005
 1.64700000000000E+0003	 2.16967271882530E+0005
 1.64800000000000E+0003	 2.17480378061164E+0005
 1.64900000000000E+0003	 2.18003062740583E+0005
 1.65000000000000E+0003	 2.18535333368388E+0005
 1.65100000000000E+0003	 2.19077197293504E+0005
 1.65200000000000E+0003	 2.19628662133913E+0005
 1.65300000000000E+0003	 2.20187851526917E+0005
 1.65400000000000E+0003	 2.20751750177608E+0005
 1.65500000000000E+0003	 2.21320321997010E+0005
 1.65600000000000E+0003	 2.21893570390168E+0005
 1.65700000000000E+0003	 2.22471499304391E+0005
 1.65800000000000E+0003	 2.23054112398077E+0005
 1.65900000000000E+0003	 2.23641413032574E+0005
 1.66000000000000E+0003	 2.24233922933996E+0005
 1.66100000000000E+0003	 2.24841373702749E+0005
 1.66200000000000E+0003	 2.25467470442032E+0005
 1.66300000000000E+0003	 2.26112228341275E+0005
 1.66400000000000E+0003	 2.26775662353256E+0005
 1.66500000000000E+0003	 2.27457787645282E+0005
 1.66600000000000E+0003	 2.28158619371241E+0005
 1.66700000000000E+0003	 2.28878172810801E+0005
 1.66800000000000E+0003	 2.29615612792911E+0005
 1.66900000000000E+0003	 2.30368066130389E+0005
 1.67000000000000E+0003	 2.31135306823210E+0005
 1.67100000000000E+0003	 2.31917346599243E+0005
 1.67200000000000E+0003	 2.32714197434662E+0005
 1.67300000000000E+0003	 2.33525871334165E+0005
 1.67400000000000E+0003	 2.34352381041070E+0005
 1.67500000000000E+0003	 2.35193741267985E+0005
 1.67600000000000E+0003	 2.36059480970919E+0005
 1.67700000000000E+0003	 2.36958487679961E+0005
 1.67800000000000E+0003	 2.37890788450215E+0005
 1.67900000000000E+0003	 2.38856410441168E+0005
 1.68000000000000E+0003	 2.39855380491312E+0005
 1.68100000000000E+0003	 2.40887710335222E+0005
 1.68200000000000E+0003	 2.41953411170472E+0005
 1.68300000000000E+0003	 2.43053100806801E+0005
 1.68400000000000E+0003	 2.44193344752586E+0005
 1.68500000000000E+0003	 2.45375984006398E+0005
 1.68600000000000E+0003	 2.46601050636747E+0005
 1.68700000000000E+0003	 2.47868577173625E+0005
 1.68800000000000E+0003	 2.49178595906087E+0005
 1.68900000000000E+0003	 2.50531139060579E+0005
 1.69000000000000E+0003	 2.51926238941201E+0005
 1.69100000000000E+0003	 2.53356797442391E+0005
 1.69200000000000E+0003	 2.54801669401244E+0005
 1.69300000000000E+0003	 2.56259465262439E+0005
 1.69400000000000E+0003	 2.57730194702123E+0005
 1.69500000000000E+0003	 2.59213725445666E+0005
 1.69600000000000E+0003	 2.60685722590240E+0005
 1.69700000000000E+0003	 2.62128339041720E+0005
 1.69800000000000E+0003	 2.63541552204543E+0005
 1.69900000000000E+0003	 2.64915811272239E+0005
 1.70000000000000E+0003	 2.66241742969696E+0005
 1.70100000000000E+0003	 2.67519310422696E+0005
 1.70200000000000E+0003	 2.68748476395337E+0005
 1.70300000000000E+0003	 2.69929203739571E+0005
 1.70400000000000E+0003	 2.71061455944115E+0005
 1.70500000000000E+0003	 2.72145196064238E+0005
 1.70600000000000E+0003	 2.73181755204417E+0005
 1.70700000000000E+0003	 2.74192822955772E+0005
 1.70800000000000E+0003	 2.75185905423040E+0005
 1.70900000000000E+0003	 2.76160988867497E+0005
 1.71000000000000E+0003	 2.77118059627286E+0005
 1.71100000000000E+0003	 2.78057103418505E+0005
 1.71200000000000E+0003	 2.78978107084563E+0005
 1.71300000000000E+0003	 2.79881056784227E+0005
 1.71400000000000E+0003	 2.80767156059851E+0005
 1.71500000000000E+0003	 2.81641877035073E+0005
 1.71600000000000E+0003	 2.82505876713312E+0005
 1.71700000000000E+0003	 2.83359147555244E+0005
 1.71800000000000E+0003	 2.84201681005329E+0005
 1.71900000000000E+0003	 2.85033468810689E+0005
 1.72000000000000E+0003	 2.85854502726175E+0005
 1.72100000000000E+0003	 2.86664774476293E+0005
 1.72200000000000E+0003	 2.87471760899430E+0005
 1.72300000000000E+0003	 2.88289205441814E+0005
 1.72400000000000E+0003	 2.89117412429276E+0005
 1.72500000000000E+0003	 2.89956383612281E+0005
 1.72600000000000E+0003	 2.90806120350822E+0005
 1.72700000000000E+0003	 2.91666628931249E+0005
 1.72800000000000E+0003	 2.92537918354083E+0005
 1.72900000000000E+0003	 2.93420015220135E+0005
 1.73000000000000E+0003	 2.94316732616212E+0005
 1.73100000000000E+0003	 2.95230941280413E+0005
 1.73200000000000E+0003	 2.96162654137672E+0005
 1.73300000000000E+0003	 2.97111884125816E+0005
 1.73400000000000E+0003	 2.98078643901909E+0005
 1.73500000000000E+0003	 2.99062946586792E+0005
 1.73600000000000E+0003	 3.00064805070948E+0005
 1.73700000000000E+0003	 3.01083802250939E+0005
 1.73800000000000E+0003	 3.02113123335984E+0005
 1.73900000000000E+0003	 3.03150411083394E+0005
 1.74000000000000E+0003	 3.04195671328913E+0005
 1.74100000000000E+0003	 3.05248909998192E+0005
 1.74200000000000E+0003	 3.06310132765100E+0005
 1.74300000000000E+0003	 3.07379345895684E+0005
 1.74400000000000E+0003	 3.08456555291518E+0005
 1.74500000000000E+0003	 3.09540471510373E+0005
 1.74600000000000E+0003	 3.10623510016831E+0005
 1.74700000000000E+0003	 3.11704435367644E+0005
 1.74800000000000E+0003	 3.12783246067567E+0005
 1.74900000000000E+0003	 3.13859940623594E+0005
 1.75000000000000E+0003	 3.14934517319431E+0005
 1.75100000000000E+0003	 3.16006974646742E+0005
 1.75200000000000E+0003	 3.17077311042888E+0005
 1.75300000000000E+0003	 3.18150861904901E+0005
 1.75400000000000E+0003	 3.19243422128530E+0005
 1.75500000000000E+0003	 3.20356044714556E+0005
 1.75600000000000E+0003	 3.21488744681310E+0005
 1.75700000000000E+0003	 3.22641536698252E+0005
 1.75800000000000E+0003	 3.23814435733883E+0005
 1.75900000000000E+0003	 3.25007456769490E+0005
 1.76000000000000E+0003	 3.26220615481068E+0005
 1.76100000000000E+0003	 3.27452834975037E+0005
 1.76200000000000E+0003	 3.28702335427570E+0005
 1.76300000000000E+0003	 3.29969103589334E+0005
 1.76400000000000E+0003	 3.31253152341170E+0005
 1.76500000000000E+0003	 3.32554494643182E+0005
 1.76600000000000E+0003	 3.33873143069671E+0005
 1.76700000000000E+0003	 3.35209110103770E+0005
 1.76800000000000E+0003	 3.36562406089576E+0005
 1.76900000000000E+0003	 3.37924311183520E+0005
 1.77000000000000E+0003	 3.39286724608411E+0005
 1.77100000000000E+0003	 3.40649647859928E+0005
 1.77200000000000E+0003	 3.42013081152480E+0005
 1.77300000000000E+0003	 3.43377025238908E+0005
 1.77400000000000E+0003	 3.44741480558666E+0005
 1.77500000000000E+0003	 3.46106447514881E+0005
 1.77600000000000E+0003	 3.47472073073352E+0005
 1.77700000000000E+0003	 3.48846059059389E+0005
 1.77800000000000E+0003	 3.50232771234351E+0005
 1.77900000000000E+0003	 3.51632219076725E+0005
 1.78000000000000E+0003	 3.53044412012595E+0005
 1.78100000000000E+0003	 3.54469359732017E+0005
 1.78200000000000E+0003	 3.55907071897415E+0005
 1.78300000000000E+0003	 3.57357558040618E+0005
 1.78400000000000E+0003	 3.58820827806804E+0005
 1.78500000000000E+0003	 3.60296890582259E+0005
 1.78600000000000E+0003	 3.61785756353825E+0005
 1.78700000000000E+0003	 3.63287434736949E+0005
 1.78800000000000E+0003	 3.64801935003520E+0005
 1.78900000000000E+0003	 3.66329266679449E+0005
 1.79000000000000E+0003	 3.67869439865122E+0005
 1.79100000000000E+0003	 3.69422464335311E+0005
 1.79200000000000E+0003	 3.70988941539768E+0005
 1.79300000000000E+0003	 3.72575063608562E+0005
 1.79400000000000E+0003	 3.74182490249114E+0005
 1.79500000000000E+0003	 3.75811237559707E+0005
 1.79600000000000E+0003	 3.77461321735441E+0005
 1.79700000000000E+0003	 3.79132758442800E+0005
 1.79800000000000E+0003	 3.80825564342766E+0005
 1.79900000000000E+0003	 3.82539755685518E+0005
 1.80000000000000E+0003	 3.84275348360378E+0005
 1.80100000000000E+0003	 3.86032358585550E+0005
 1.80200000000000E+0003	 3.87810802585816E+0005
 1.80300000000000E+0003	 3.89610697263479E+0005
 1.80400000000000E+0003	 3.91432058556589E+0005
 1.80500000000000E+0003	 3.93274902732083E+0005
 1.80600000000000E+0003	 3.95139246095007E+0005
 1.80700000000000E+0003	 3.97025104948818E+0005
 1.80800000000000E+0003	 3.98932091131010E+0005
 1.80900000000000E+0003	 4.00858019680245E+0005
 1.81000000000000E+0003	 4.02802573161483E+0005
 1.81100000000000E+0003	 4.04765766140885E+0005
 1.81200000000000E+0003	 4.06747613191054E+0005
 1.81300000000000E+0003	 4.08748126807420E+0005
 1.81400000000000E+0003	 4.10767322359752E+0005
 1.81500000000000E+0003	 4.12805213839399E+0005
 1.81600000000000E+0003	 4.14861815893318E+0005
 1.81700000000000E+0003	 4.16937131834628E+0005
 1.81800000000000E+0003	 4.19031164669520E+0005
 1.81900000000000E+0003	 4.21143928279641E+0005
 1.82000000000000E+0003	 4.23275436288405E+0005
 1.82100000000000E+0003	 4.25425702762821E+0005
 1.82200000000000E+0003	 4.27594741441081E+0005
 1.82300000000000E+0003	 4.29782566160651E+0005
 1.82400000000000E+0003	 4.31993431085390E+0005
 1.82500000000000E+0003	 4.34244542075579E+0005
 1.82600000000000E+0003	 4.36537752908387E+0005
 1.82700000000000E+0003	 4.38873094921251E+0005
 1.82800000000000E+0003	 4.41250599208512E+0005
 1.82900000000000E+0003	 4.43670297494374E+0005
 1.83000000000000E+0003	 4.46132221142855E+0005
 1.83100000000000E+0003	 4.48636401188467E+0005
 1.83200000000000E+0003	 4.51182868999743E+0005
 1.83300000000000E+0003	 4.53771656484044E+0005
 1.83400000000000E+0003	 4.56402795189401E+0005
 1.83500000000000E+0003	 4.59076316821532E+0005
 1.83600000000000E+0003	 4.61792252869366E+0005
 1.83700000000000E+0003	 4.64550635054506E+0005
 1.83800000000000E+0003	 4.67351495072399E+0005
 1.83900000000000E+0003	 4.70194864707184E+0005
 1.84000000000000E+0003	 4.73081842836403E+0005
 1.84100000000000E+0003	 4.76016675246109E+0005
 1.84200000000000E+0003	 4.78999826162316E+0005
 1.84300000000000E+0003	 4.82031330890582E+0005
 1.84400000000000E+0003	 4.85111225114478E+0005
 1.84500000000000E+0003	 4.88239544467791E+0005
 1.84600000000000E+0003	 4.91416325361617E+0005
 1.84700000000000E+0003	 4.94641603093556E+0005
 1.84800000000000E+0003	 4.97915413641045E+0005
 1.84900000000000E+0003	 5.01237792885705E+0005
 1.85000000000000E+0003	 5.04608776709207E+0005
 1.85100000000000E+0003	 5.08028401099338E+0005
 1.85200000000000E+0003	 5.11496701633524E+0005
 1.85300000000000E+0003	 5.15013713947609E+0005
 1.85400000000000E+0003	 5.18579474486610E+0005
 1.85500000000000E+0003	 5.22194019746157E+0005
 1.85600000000000E+0003	 5.25853970382574E+0005
 1.85700000000000E+0003	 5.29542673043473E+0005
 1.85800000000000E+0003	 5.33257916671124E+0005
 1.85900000000000E+0003	 5.36999721397598E+0005
 1.86000000000000E+0003	 5.40768106893556E+0005
 1.86100000000000E+0003	 5.44563092957059E+0005
 1.86200000000000E+0003	 5.48384699337434E+0005
 1.86300000000000E+0003	 5.52232945547364E+0005
 1.86400000000000E+0003	 5.56108280129293E+0005
 1.86500000000000E+0003	 5.60013580584167E+0005
 1.86600000000000E+0003	 5.63949360005091E+0005
 1.86700000000000E+0003	 5.67915639716223E+0005
 1.86800000000000E+0003	 5.71912440968729E+0005
 1.86900000000000E+0003	 5.75939784452781E+0005
 1.87000000000000E+0003	 5.79997691467176E+0005
 1.87100000000000E+0003	 5.84086183397661E+0005
 1.87200000000000E+0003	 5.88207894781175E+0005
 1.87300000000000E+0003	 5.92384686251207E+0005
 1.87400000000000E+0003	 5.96621500945438E+0005
 1.87500000000000E+0003	 6.00918380557784E+0005
 1.87600000000000E+0003	 6.05275367296001E+0005
 1.87700000000000E+0003	 6.09692503033709E+0005
 1.87800000000000E+0003	 6.14169829803408E+0005
 1.87900000000000E+0003	 6.18707389431506E+0005
 1.88000000000000E+0003	 6.23305975772844E+0005
 1.88100000000000E+0003	 6.27975590667667E+0005
 1.88200000000000E+0003	 6.32719385168970E+0005
 1.88300000000000E+0003	 6.37537410672002E+0005
 1.88400000000000E+0003	 6.42429719541185E+0005
 1.88500000000000E+0003	 6.47396363738400E+0005
 1.88600000000000E+0003	 6.52437394883301E+0005
 1.88700000000000E+0003	 6.57552864997832E+0005
 1.88800000000000E+0003	 6.62743388176638E+0005
 1.88900000000000E+0003	 6.68024533290405E+0005
 1.89000000000000E+0003	 6.73403392969798E+0005
 1.89100000000000E+0003	 6.78880038623710E+0005
 1.89200000000000E+0003	 6.84454541598057E+0005
 1.89300000000000E+0003	 6.90126973276263E+0005
 1.89400000000000E+0003	 6.95897404683205E+0005
 1.89500000000000E+0003	 7.01765907581290E+0005
 1.89600000000000E+0003	 7.07732813369461E+0005
 1.89700000000000E+0003	 7.13832676216737E+0005
 1.89800000000000E+0003	 7.20089787375947E+0005
 1.89900000000000E+0003	 7.26504260110221E+0005
 1.90000000000000E+0003	 7.33076210670439E+0005
 1.90100000000000E+0003	 7.39805754067734E+0005
 1.90200000000000E+0003	 7.46693006120125E+0005
 1.90300000000000E+0003	 7.53738082274225E+0005
 1.90400000000000E+0003	 7.60941098212670E+0005
 1.90500000000000E+0003	 7.68297166694169E+0005
 1.90600000000000E+0003	 7.75800304808595E+0005
 1.90700000000000E+0003	 7.83450605640371E+0005
 1.90800000000000E+0003	 7.91248177106434E+0005
 1.90900000000000E+0003	 7.99193127200252E+0005
 1.91000000000000E+0003	 8.07285564286070E+0005
 1.91100000000000E+0003	 8.15525596753574E+0005
 1.91200000000000E+0003	 8.23913332521080E+0005
 1.91300000000000E+0003	 8.32477667841412E+0005
 1.91400000000000E+0003	 8.41280884943116E+0005
 1.91500000000000E+0003	 8.50325267658400E+0005
 1.91600000000000E+0003	 8.59610986271551E+0005
 1.91700000000000E+0003	 8.69138210872773E+0005
 1.91800000000000E+0003	 8.78907111527300E+0005
 1.91900000000000E+0003	 8.88917860381233E+0005
 1.92000000000000E+0003	 8.99170628224999E+0005
 1.92100000000000E+0003	 9.09681935042804E+0005
 1.92200000000000E+0003	 9.20517294173884E+0005
 1.92300000000000E+0003	 9.31683735914867E+0005
 1.92400000000000E+0003	 9.43181494374402E+0005
 1.92500000000000E+0003	 9.55010804647507E+0005
 1.92600000000000E+0003	 9.67171901352929E+0005
 1.92700000000000E+0003	 9.79665020268972E+0005
 1.92800000000000E+0003	 9.92490396969696E+0005
 1.92900000000000E+0003	 1.00564027264316E+0006
 1.93000000000000E+0003	 1.01904461375133E+0006
 1.93100000000000E+0003	 1.03268717136320E+0006
 1.93200000000000E+0003	 1.04656811565652E+0006
 1.93300000000000E+0003	 1.06068761535157E+0006
 1.93400000000000E+0003	 1.07504584018165E+0006
 1.93500000000000E+0003	 1.08964295991559E+0006
 1.93600000000000E+0003	 1.10447914446397E+0006
 1.93700000000000E+0003	 1.11955143883646E+0006
 1.93800000000000E+0003	 1.13475300124071E+0006
 1.93900000000000E+0003	 1.15003130790707E+0006
 1.94000000000000E+0003	 1.16538641388509E+0006
 1.94100000000000E+0003	 1.18081837430689E+0006
 1.94200000000000E+0003	 1.19632724223769E+0006
 1.94300000000000E+0003	 1.21191307258692E+0006
 1.94400000000000E+0003	 1.22757592100311E+0006
 1.94500000000000E+0003	 1.24331584303858E+0006
 1.94600000000000E+0003	 1.25903647135622E+0006
 1.94700000000000E+0003	 1.27462679160951E+0006
 1.94800000000000E+0003	 1.29008657615601E+0006
 1.94900000000000E+0003	 1.30541573178130E+0006
 1.95000000000000E+0003	 1.32061416479742E+0006
 1.95100000000000E+0003	 1.33568178168264E+0006
 1.95200000000000E+0003	 1.35061848877708E+0006
 1.95300000000000E+0003	 1.36542419256780E+0006
 1.95400000000000E+0003	 1.38008883418949E+0006
 1.95500000000000E+0003	 1.39458486516392E+0006
 1.95600000000000E+0003	 1.40891058005792E+0006
 1.95700000000000E+0003	 1.42306585725184E+0006
 1.95800000000000E+0003	 1.43705057492929E+0006
 1.95900000000000E+0003	 1.45086461072998E+0006
 1.96000000000000E+0003	 1.46450784178485E+0006
 1.96100000000000E+0003	 1.47798014489412E+0006
 1.96200000000000E+0003	 1.49129593669264E+0006
 1.96300000000000E+0003	 1.50456331345310E+0006
 1.96400000000000E+0003	 1.51780423672870E+0006
 1.96500000000000E+0003	 1.53101868811632E+0006
 1.96600000000000E+0003	 1.54420664939629E+0006
 1.96700000000000E+0003	 1.55736810186647E+0006
 1.96800000000000E+0003	 1.57050302674102E+0006
 1.96900000000000E+0003	 1.58361140561258E+0006
 1.97000000000000E+0003	 1.59669429138991E+0006
 1.97100000000000E+0003	 1.60980295817872E+0006
 1.97200000000000E+0003	 1.62295905729705E+0006
 1.97300000000000E+0003	 1.63612359574100E+0006
 1.97400000000000E+0003	 1.64929017672628E+0006
 1.97500000000000E+0003	 1.66245880264602E+0006
 1.97600000000000E+0003	 1.67562947426017E+0006
 1.97700000000000E+0003	 1.68880219316395E+0006
 1.97800000000000E+0003	 1.70197696081737E+0006
 1.97900000000000E+0003	 1.71516741583901E+0006
 1.98000000000000E+0003	 1.72839637499066E+0006
 1.98100000000000E+0003	 1.74166422147218E+0006
 1.98200000000000E+0003	 1.75497098206406E+0006
 1.98300000000000E+0003	 1.76831668421788E+0006
 1.98400000000000E+0003	 1.78170135542878E+0006
 1.98500000000000E+0003	 1.79512502109038E+0006
 1.98600000000000E+0003	 1.80858770841065E+0006
 1.98700000000000E+0003	 1.82209012009098E+0006
 1.98800000000000E+0003	 1.83563573613157E+0006
 1.98900000000000E+0003	 1.84922500503411E+0006
 1.99000000000000E+0003	 1.86285788899634E+0006
 1.99100000000000E+0003	 1.87653441757191E+0006
 1.99200000000000E+0003	 1.89025462039902E+0006
 1.99300000000000E+0003	 1.90401852516184E+0006
 1.99400000000000E+0003	 1.91782616227860E+0006
 1.99500000000000E+0003	 1.93167588842188E+0006
 1.99600000000000E+0003	 1.94551444723322E+0006
 1.99700000000000E+0003	 1.95931633680723E+0006
 1.99800000000000E+0003	 1.97308153173382E+0006
 1.99900000000000E+0003	 1.98681000688443E+0006
 2.00000000000000E+0003	 2.00050173774893E+0006
 2.00100000000000E+0003	 2.01415669972685E+0006
 2.00200000000000E+0003	 2.02777486777996E+0006
 2.00300000000000E+0003	 2.04135621647124E+0006
 2.00400000000000E+0003	 2.05487174085109E+0006
 2.00500000000000E+0003	 2.06827086731074E+0006
 2.00600000000000E+0003	 2.08155259803509E+0006
 2.00700000000000E+0003	 2.09471685396887E+0006
 2.00800000000000E+0003	 2.10776355510407E+0006
 2.00900000000000E+0003	 2.12069262140486E+0006
 2.01000000000000E+0003	 2.13350397229497E+0006
 2.01100000000000E+0003	 2.14619752705699E+0006
 2.01200000000000E+0003	 2.15877150756806E+0006
 2.01300000000000E+0003	 2.17121464517153E+0006
 2.01400000000000E+0003	 2.18352480830574E+0006
 2.01500000000000E+0003	 2.19570196699212E+0006
 2.01600000000000E+0003	 2.20774608903215E+0006
 2.01700000000000E+0003	 2.21965708115911E+0006
 2.01800000000000E+0003	 2.23143485067211E+0006
 2.01900000000000E+0003	 2.24307930194590E+0006
 2.02000000000000E+0003	 2.25459033442895E+0006
 2.02100000000000E+0003	 2.26596656509560E+0006
 2.02200000000000E+0003	 2.27720697110526E+0006
 2.02300000000000E+0003	 2.28831145551472E+0006
 2.02400000000000E+0003	 2.29927992322750E+0006
 2.02500000000000E+0003	 2.31011227803392E+0006
 2.02600000000000E+0003	 2.32080842427539E+0006
 2.02700000000000E+0003	 2.33136826619953E+0006
 2.02800000000000E+0003	 2.34179170582994E+0006
 2.02900000000000E+0003	 2.35215072364780E+0006
 2.03000000000000E+0003	 2.36240917207811E+0006
 2.03100000000000E+0003	 2.37243618948923E+0006
 2.03200000000000E+0003	 2.38223161234248E+0006
 2.03300000000000E+0003	 2.39179527678967E+0006
 2.03400000000000E+0003	 2.40112701869787E+0006
 2.03500000000000E+0003	 2.41022667393612E+0006
 2.03600000000000E+0003	 2.41909407622881E+0006
 2.03700000000000E+0003	 2.42773199729320E+0006
 2.03800000000000E+0003	 2.43620259380020E+0006
 2.03900000000000E+0003	 2.44453082180973E+0006
 2.04000000000000E+0003	 2.45271658042616E+0006
 2.04100000000000E+0003	 2.46075972728760E+0006
 2.04200000000000E+0003	 2.46866012238820E+0006
 2.04300000000000E+0003	 2.47641766771311E+0006
 2.04400000000000E+0003	 2.48403226508362E+0006
 2.04500000000000E+0003	 2.49150381689271E+0006
 2.04600000000000E+0003	 2.49882909224060E+0006
 2.04700000000000E+0003	 2.50600179001039E+0006
 2.04800000000000E+0003	 2.51302163834922E+0006
 2.04900000000000E+0003	 2.51988853040103E+0006
 2.05000000000000E+0003	 2.52660236131551E+0006
 2.05100000000000E+0003	 2.53316302526541E+0006
 2.05200000000000E+0003	 2.53957041636463E+0006
 2.05300000000000E+0003	 2.54582442815965E+0006
 2.05400000000000E+0003	 2.55192658655931E+0006
 2.05500000000000E+0003	 2.55789597947838E+0006
 2.05600000000000E+0003	 2.56373805241632E+0006
 2.05700000000000E+0003	 2.56945271722208E+0006
 2.05800000000000E+0003	 2.57503988522136E+0006
 2.05900000000000E+0003	 2.58049946753469E+0006
 2.06000000000000E+0003	 2.58583137606801E+0006
 2.06100000000000E+0003	 2.59103552320735E+0006
 2.06200000000000E+0003	 2.59611181842190E+0006
 2.06300000000000E+0003	 2.60107741500606E+0006
 2.06400000000000E+0003	 2.60595968955512E+0006
 2.06500000000000E+0003	 2.61075893592556E+0006
 2.06600000000000E+0003	 2.61547509520994E+0006
 2.06700000000000E+0003	 2.62010808055662E+0006
 2.06800000000000E+0003	 2.62465780564220E+0006
 2.06900000000000E+0003	 2.62912421507400E+0006
 2.07000000000000E+0003	 2.63350725341184E+0006
 2.07100000000000E+0003	 2.63780623301601E+0006
 2.07200000000000E+0003	 2.64201468422600E+0006
 2.07300000000000E+0003	 2.64613087085582E+0006
 2.07400000000000E+0003	 2.65015473169160E+0006
 2.07500000000000E+0003	 2.65408620487492E+0006
 2.07600000000000E+0003	 2.65792522834988E+0006
 2.07700000000000E+0003	 2.66167173988509E+0006
 2.07800000000000E+0003	 2.66532567735650E+0006
 2.07900000000000E+0003	 2.66888697663272E+0006
 2.08000000000000E+0003	 2.67237166783404E+0006
 2.08100000000000E+0003	 2.67580605310389E+0006
 2.08200000000000E+0003	 2.67919047805291E+0006
 2.08300000000000E+0003	 2.68252490911875E+0006
 2.08400000000000E+0003	 2.68580931167912E+0006
 2.08500000000000E+0003	 2.68904365218006E+0006
 2.08600000000000E+0003	 2.69222789737956E+0006
 2.08700000000000E+0003	 2.69536201388337E+0006
 2.08800000000000E+0003	 2.69844619490762E+0006
 2.08900000000000E+0003	 2.70148328509167E+0006
 2.09000000000000E+0003	 2.70447412729597E+0006
 2.09100000000000E+0003	 2.70741869176856E+0006
 2.09200000000000E+0003	 2.71031694606626E+0006
 2.09300000000000E+0003	 2.71316885977080E+0006
 2.09400000000000E+0003	 2.71597438767801E+0006
 2.09500000000000E+0003	 2.71873348527447E+0006
 2.09600000000000E+0003	 2.72144612171060E+0006
 2.09700000000000E+0003	 2.72411817652619E+0006
 2.09800000000000E+0003	 2.72676228441910E+0006
 2.09900000000000E+0003	 2.72937885104866E+0006
 2.10000000000000E+0003	 2.73196785844599E+0006
 2.10100000000000E+0003	 2.73452928823568E+0006
 2.10200000000000E+0003	 2.73706312181799E+0006
 2.10300000000000E+0003	 2.73956934143911E+0006
 2.10400000000000E+0003	 2.74204792992673E+0006
 2.10500000000000E+0003	 2.74449883596178E+0006
 2.10600000000000E+0003	 2.74692120145398E+0006
 2.10700000000000E+0003	 2.74931463146809E+0006
 2.10800000000000E+0003	 2.75167910659394E+0006
 2.10900000000000E+0003	 2.75401460658026E+0006
 2.11000000000000E+0003	 2.75632111290905E+0006
 2.11100000000000E+0003	 2.75859860621879E+0006
 2.11200000000000E+0003	 2.76084706786813E+0006
 2.11300000000000E+0003	 2.76306647913217E+0006
 2.11400000000000E+0003	 2.76526112846564E+0006
 2.11500000000000E+0003	 2.76744632257354E+0006
 2.11600000000000E+0003	 2.76962340895369E+0006
 2.11700000000000E+0003	 2.77179238297038E+0006
 2.11800000000000E+0003	 2.77395323940990E+0006
 2.11900000000000E+0003	 2.77610597291314E+0006
 2.12000000000000E+0003	 2.77825057799314E+0006
 2.12100000000000E+0003	 2.78038704699985E+0006
 2.12200000000000E+0003	 2.78251538711986E+0006
 2.12300000000000E+0003	 2.78464630741258E+0006
 2.12400000000000E+0003	 2.78678894751972E+0006
 2.12500000000000E+0003	 2.78894331592551E+0006
 2.12600000000000E+0003	 2.79110942043956E+0006
 2.12700000000000E+0003	 2.79328726788063E+0006
 2.12800000000000E+0003	 2.79547686610809E+0006
 2.12900000000000E+0003	 2.79767822336925E+0006
 2.13000000000000E+0003	 2.79989134780191E+0006
 2.13100000000000E+0003	 2.80211488713145E+0006
 2.13200000000000E+0003	 2.80433752299951E+0006
 2.13300000000000E+0003	 2.80655671993370E+0006
 2.13400000000000E+0003	 2.80877247711312E+0006
 2.13500000000000E+0003	 2.81098479113743E+0006
 2.13600000000000E+0003	 2.81319366054291E+0006
 2.13700000000000E+0003	 2.81539908304976E+0006
 2.13800000000000E+0003	 2.81760105649522E+0006
 2.13900000000000E+0003	 2.81979957824616E+0006
 2.14000000000000E+0003	 2.82199936858245E+0006
 2.14100000000000E+0003	 2.82421058052130E+0006
 2.14200000000000E+0003	 2.82643356478735E+0006
 2.14300000000000E+0003	 2.82866832930162E+0006
 2.14400000000000E+0003	 2.83091488162831E+0006
 2.14500000000000E+0003	 2.83317322910925E+0006
 2.14600000000000E+0003	 2.83544337993763E+0006
 2.14700000000000E+0003	 2.83772534295548E+0006
 2.14800000000000E+0003	 2.84001915192893E+0006
 2.14900000000000E+0003	 2.84232668054205E+0006
 2.15000000000000E+0003	 2.84464906449118E+0006
 2.15100000000000E+0003	 2.84698631294816E+0006
 2.15200000000000E+0003	 2.84933843439184E+0006
 2.15300000000000E+0003	 2.85170543897743E+0006
 2.15400000000000E+0003	 2.85408733595641E+0006
 2.15500000000000E+0003	 2.85648413549436E+0006
 2.15600000000000E+0003	 2.85889584770642E+0006
 2.15700000000000E+0003	 2.86132247985916E+0006
 2.15800000000000E+0003	 2.86376404193996E+0006
 2.15900000000000E+0003	 2.86622054449837E+0006
 2.16000000000000E+0003	 2.86869199791468E+0006
 2.16100000000000E+0003	 2.87117835941705E+0006
 2.16200000000000E+0003	 2.87367958434675E+0006
 2.16300000000000E+0003	 2.87619568220100E+0006
 2.16400000000000E+0003	 2.87872666261926E+0006
 2.16500000000000E+0003	 2.88127253347992E+0006
 2.16600000000000E+0003	 2.88383330495084E+0006
 2.16700000000000E+0003	 2.88640898675594E+0006
 2.16800000000000E+0003	 2.88899958935924E+0006
 2.16900000000000E+0003	 2.89160512252532E+0006
 2.17000000000000E+0003	 2.89422559505966E+0006
 2.17100000000000E+0003	 2.89686101672272E+0006
 2.17200000000000E+0003	 2.89951139772215E+0006
 2.17300000000000E+0003	 2.90217674815643E+0006
 2.17400000000000E+0003	 2.90485710312514E+0006
 2.17500000000000E+0003	 2.90755794673086E+0006
 2.17600000000000E+0003	 2.91028346804153E+0006
 2.17700000000000E+0003	 2.91303368452140E+0006
 2.17800000000000E+0003	 2.91580861117143E+0006
 2.17900000000000E+0003	 2.91860826461485E+0006
 2.18000000000000E+0003	 2.92143266113162E+0006
 2.18100000000000E+0003	 2.92428181695677E+0006
 2.18200000000000E+0003	 2.92715574786758E+0006
 2.18300000000000E+0003	 2.93005446911954E+0006
 2.18400000000000E+0003	 2.93297799702575E+0006
 2.18500000000000E+0003	 2.93592634885301E+0006
 2.18600000000000E+0003	 2.93889954089730E+0006
 2.18700000000000E+0003	 2.94189758913715E+0006
 2.18800000000000E+0003	 2.94492050930823E+0006
 2.18900000000000E+0003	 2.94796831797982E+0006
 2.19000000000000E+0003	 2.95104103243007E+0006
 2.19100000000000E+0003	 2.95413866719971E+0006
 2.19200000000000E+0003	 2.95726574673636E+0006
 2.19300000000000E+0003	 2.96044029916759E+0006
 2.19400000000000E+0003	 2.96366422971483E+0006
 2.19500000000000E+0003	 2.96693756958499E+0006
 2.19600000000000E+0003	 2.97026035161833E+0006
 2.19700000000000E+0003	 2.97363260779654E+0006
 2.19800000000000E+0003	 2.97705437106057E+0006
 2.19900000000000E+0003	 2.98052567431462E+0006
 2.20000000000000E+0003	 2.98404654768190E+0006
 2.20100000000000E+0003	 2.98761702392345E+0006
 2.20200000000000E+0003	 2.99123713643515E+0006
 2.20300000000000E+0003	 2.99490691847596E+0006
 2.20400000000000E+0003	 2.99862640278931E+0006
 2.20500000000000E+0003	 3.00239560070315E+0006
 2.20600000000000E+0003	 3.00621452256469E+0006
 2.20700000000000E+0003	 3.01008319987938E+0006
 2.20800000000000E+0003	 3.01400166249934E+0006
 2.20900000000000E+0003	 3.01796999783832E+0006
 2.21000000000000E+0003	 3.02199974305157E+0006
 2.21100000000000E+0003	 3.02609961749153E+0006
 2.21200000000000E+0003	 3.03026966587968E+0006
 2.21300000000000E+0003	 3.03450993193166E+0006
 2.21400000000000E+0003	 3.03882046025585E+0006
 2.21500000000000E+0003	 3.04320129600201E+0006
 2.21600000000000E+0003	 3.04765248424210E+0006
 2.21700000000000E+0003	 3.05217407067505E+0006
 2.21800000000000E+0003	 3.05676609862893E+0006
 2.21900000000000E+0003	 3.06142861206127E+0006
 2.22000000000000E+0003	 3.06616165722038E+0006
 2.22100000000000E+0003	 3.07096527802701E+0006
 2.22200000000000E+0003	 3.07583951973026E+0006
 2.22300000000000E+0003	 3.08078442764812E+0006
 2.22400000000000E+0003	 3.08580004697590E+0006
 2.22500000000000E+0003	 3.09088642245270E+0006
 2.22600000000000E+0003	 3.09604359834693E+0006
 2.22700000000000E+0003	 3.10127434833893E+0006
 2.22800000000000E+0003	 3.10659723171216E+0006
 2.22900000000000E+0003	 3.11201577917542E+0006
 2.23000000000000E+0003	 3.11753005159787E+0006
 2.23100000000000E+0003	 3.12314010961634E+0006
 2.23200000000000E+0003	 3.12884601471465E+0006
 2.23300000000000E+0003	 3.13464782918609E+0006
 2.23400000000000E+0003	 3.14054561263713E+0006
 2.23500000000000E+0003	 3.14653942735992E+0006
 2.23600000000000E+0003	 3.15262933538214E+0006
 2.23700000000000E+0003	 3.15881539778069E+0006
 2.23800000000000E+0003	 3.16509767504960E+0006
 2.23900000000000E+0003	 3.17147622926759E+0006
 2.24000000000000E+0003	 3.17795112170754E+0006
 2.24100000000000E+0003	 3.18452241465944E+0006
 2.24200000000000E+0003	 3.19119017038810E+0006
 2.24300000000000E+0003	 3.19795444846370E+0006
 2.24400000000000E+0003	 3.20481531099298E+0006
 2.24500000000000E+0003	 3.21176721059733E+0006
 2.24600000000000E+0003	 3.21879847272543E+0006
 2.24700000000000E+0003	 3.22590877978624E+0006
 2.24800000000000E+0003	 3.23309818247126E+0006
 2.24900000000000E+0003	 3.24036673154279E+0006
 2.25000000000000E+0003	 3.24771447783778E+0006
 2.25100000000000E+0003	 3.25514147063556E+0006
 2.25200000000000E+0003	 3.26264776124517E+0006
 2.25300000000000E+0003	 3.27023340052876E+0006
 2.25400000000000E+0003	 3.27789844040720E+0006
 2.25500000000000E+0003	 3.28564293220028E+0006
 2.25600000000000E+0003	 3.29346692625565E+0006
 2.25700000000000E+0003	 3.30137047370990E+0006
 2.25800000000000E+0003	 3.30935362632196E+0006
 2.25900000000000E+0003	 3.31741643577805E+0006
 2.26000000000000E+0003	 3.32555895436582E+0006
 2.26100000000000E+0003	 3.33378123214410E+0006
 2.26200000000000E+0003	 3.34208339309997E+0006
 2.26300000000000E+0003	 3.35049531747780E+0006
 2.26400000000000E+0003	 3.35904147410436E+0006
 2.26500000000000E+0003	 3.36772194725102E+0006
 2.26600000000000E+0003	 3.37653682137597E+0006
 2.26700000000000E+0003	 3.38548618083364E+0006
 2.26800000000000E+0003	 3.39457010921698E+0006
 2.26900000000000E+0003	 3.40378869020642E+0006
 2.27000000000000E+0003	 3.41314200837251E+0006
 2.27100000000000E+0003	 3.42263014944027E+0006
 2.27200000000000E+0003	 3.43225319807709E+0006
 2.27300000000000E+0003	 3.44201123877104E+0006
 2.27400000000000E+0003	 3.45190435576357E+0006
 2.27500000000000E+0003	 3.46193263413479E+0006
 2.27600000000000E+0003	 3.47209615985231E+0006
 2.27700000000000E+0003	 3.48239501629434E+0006
 2.27800000000000E+0003	 3.49282928936692E+0006
 2.27900000000000E+0003	 3.50339906488922E+0006
 2.28000000000000E+0003	 3.51410590343874E+0006
 2.28100000000000E+0003	 3.52498541299808E+0006
 2.28200000000000E+0003	 3.53605284354908E+0006
 2.28300000000000E+0003	 3.54730831299846E+0006
 2.28400000000000E+0003	 3.55875194034202E+0006
 2.28500000000000E+0003	 3.57038384459406E+0006
 2.28600000000000E+0003	 3.58220414218800E+0006
 2.28700000000000E+0003	 3.59421295200855E+0006
 2.28800000000000E+0003	 3.60641039378037E+0006
 2.28900000000000E+0003	 3.61879658719509E+0006
 2.29000000000000E+0003	 3.63137165154407E+0006
 2.29100000000000E+0003	 3.64413570598531E+0006
 2.29200000000000E+0003	 3.65708880168028E+0006
 2.29300000000000E+0003	 3.67023098618625E+0006
 2.29400000000000E+0003	 3.68356237402356E+0006
 2.29500000000000E+0003	 3.69708308113013E+0006
 2.29600000000000E+0003	 3.71079322304429E+0006
 2.29700000000000E+0003	 3.72469291582479E+0006
 2.29800000000000E+0003	 3.73878421937774E+0006
 2.29900000000000E+0003	 3.75308986003157E+0006
 2.30000000000000E+0003	 3.76761644499729E+0006
 2.30100000000000E+0003	 3.78236411000296E+0006
 2.30200000000000E+0003	 3.79733299077647E+0006
 2.30300000000000E+0003	 3.81252322368208E+0006
 2.30400000000000E+0003	 3.82793494309943E+0006
 2.30500000000000E+0003	 3.84356828366752E+0006
 2.30600000000000E+0003	 3.85942338235252E+0006
 2.30700000000000E+0003	 3.87549125632954E+0006
 2.30800000000000E+0003	 3.89168136153023E+0006
 2.30900000000000E+0003	 3.90797049149818E+0006
 2.31000000000000E+0003	 3.92435870756316E+0006
 2.31100000000000E+0003	 3.94084607007395E+0006
 2.31200000000000E+0003	 3.95743263925883E+0006
 2.31300000000000E+0003	 3.97411847607001E+0006
 2.31400000000000E+0003	 3.99090364281143E+0006
 2.31500000000000E+0003	 4.00778820060364E+0006
 2.31600000000000E+0003	 4.02475393634620E+0006
 2.31700000000000E+0003	 4.04163100937047E+0006
 2.31800000000000E+0003	 4.05837787870079E+0006
 2.31900000000000E+0003	 4.07499446528795E+0006
 2.32000000000000E+0003	 4.09148068747052E+0006
 2.32100000000000E+0003	 4.10783646568223E+0006
 2.32200000000000E+0003	 4.12406171921583E+0006
 2.32300000000000E+0003	 4.14015636790328E+0006
 2.32400000000000E+0003	 4.15612033068498E+0006
 2.32500000000000E+0003	 4.17197013651639E+0006
 2.32600000000000E+0003	 4.18786234347221E+0006
 2.32700000000000E+0003	 4.20383564160598E+0006
 2.32800000000000E+0003	 4.21989008145209E+0006
 2.32900000000000E+0003	 4.23602571097550E+0006
 2.33000000000000E+0003	 4.25224258035311E+0006
 2.33100000000000E+0003	 4.26854074061508E+0006
 2.33200000000000E+0003	 4.28492024271026E+0006
 2.33300000000000E+0003	 4.30138113714135E+0006
 2.33400000000000E+0003	 4.31792498475062E+0006
 2.33500000000000E+0003	 4.33456761841356E+0006
 2.33600000000000E+0003	 4.35131329750417E+0006
 2.33700000000000E+0003	 4.36816208488903E+0006
 2.33800000000000E+0003	 4.38511404467574E+0006
 2.33900000000000E+0003	 4.40216924060818E+0006
 2.34000000000000E+0003	 4.41932773694072E+0006
 2.34100000000000E+0003	 4.43658959809358E+0006
 2.34200000000000E+0003	 4.45395488785209E+0006
 2.34300000000000E+0003	 4.47142367012101E+0006
 2.34400000000000E+0003	 4.48899600968059E+0006
 2.34500000000000E+0003	 4.50667197112303E+0006
 2.34600000000000E+0003	 4.52445161964325E+0006
 2.34700000000000E+0003	 4.54233501855467E+0006
 2.34800000000000E+0003	 4.56032223108658E+0006
 2.34900000000000E+0003	 4.57841332282950E+0006
 2.35000000000000E+0003	 4.59660835783903E+0006
 2.35100000000000E+0003	 4.61490740079565E+0006
 2.35200000000000E+0003	 4.63331086476238E+0006
 2.35300000000000E+0003	 4.65182661355253E+0006
 2.35400000000000E+0003	 4.67045763097162E+0006
 2.35500000000000E+0003	 4.68920398578676E+0006
 2.35600000000000E+0003	 4.70806574734598E+0006
 2.35700000000000E+0003	 4.72704298577957E+0006
 2.35800000000000E+0003	 4.74613577104713E+0006
 2.35900000000000E+0003	 4.76534417320059E+0006
 2.36000000000000E+0003	 4.78466826143757E+0006
 2.36100000000000E+0003	 4.80410810572579E+0006
 2.36200000000000E+0003	 4.82366377695678E+0006
 2.36300000000000E+0003	 4.84333534368606E+0006
 2.36400000000000E+0003	 4.86312287640519E+0006
 2.36500000000000E+0003	 4.88302644492260E+0006
 2.36600000000000E+0003	 4.90304611946374E+0006
 2.36700000000000E+0003	 4.92318196968143E+0006
 2.36800000000000E+0003	 4.94343406623017E+0006
 2.36900000000000E+0003	 4.96380247825304E+0006
 2.37000000000000E+0003	 4.98428672478505E+0006
 2.37100000000000E+0003	 5.00483658450907E+0006
 2.37200000000000E+0003	 5.02541935678977E+0006
 2.37300000000000E+0003	 5.04603506150640E+0006
 2.37400000000000E+0003	 5.06668371944203E+0006
 2.37500000000000E+0003	 5.08736535129112E+0006
 2.37600000000000E+0003	 5.10807997728634E+0006
 2.37700000000000E+0003	 5.12882761740602E+0006
 2.37800000000000E+0003	 5.14960829127388E+0006
 2.37900000000000E+0003	 5.17042201810277E+0006
 2.38000000000000E+0003	 5.19125947196469E+0006
 2.38100000000000E+0003	 5.21211157621773E+0006
 2.38200000000000E+0003	 5.23297833806224E+0006
 2.38300000000000E+0003	 5.25385976817933E+0006
 2.38400000000000E+0003	 5.27475587619038E+0006
 2.38500000000000E+0003	 5.29566667084796E+0006
 2.38600000000000E+0003	 5.31659216076032E+0006
 2.38700000000000E+0003	 5.33753235554531E+0006
 2.38800000000000E+0003	 5.35848726445380E+0006
 2.38900000000000E+0003	 5.37943536493661E+0006
 2.39000000000000E+0003	 5.40034296381443E+0006
 2.39100000000000E+0003	 5.42120963446957E+0006
 2.39200000000000E+0003	 5.44203535306968E+0006
 2.39300000000000E+0003	 5.46282009432107E+0006
 2.39400000000000E+0003	 5.48356383325220E+0006
 2.39500000000000E+0003	 5.50426654438538E+0006
 2.39600000000000E+0003	 5.52492820356381E+0006
 2.39700000000000E+0003	 5.54554878546603E+0006
 2.39800000000000E+0003	 5.56612826441485E+0006
 2.39900000000000E+0003	 5.58666661506725E+0006
 2.40000000000000E+0003	 5.60716381308212E+0006
 2.40100000000000E+0003	 5.62761983357360E+0006
 2.40200000000000E+0003	 5.64803465189329E+0006
 2.40300000000000E+0003	 5.66840824234260E+0006
 2.40400000000000E+0003	 5.68874057987304E+0006
 2.40500000000000E+0003	 5.70903164030949E+0006
 2.40600000000000E+0003	 5.72928139720112E+0006
 2.40700000000000E+0003	 5.74946838861897E+0006
 2.40800000000000E+0003	 5.76949601885246E+0006
 2.40900000000000E+0003	 5.78935247180008E+0006
 2.41000000000000E+0003	 5.80903764223390E+0006
 2.41100000000000E+0003	 5.82855142564669E+0006
 2.41200000000000E+0003	 5.84789371594013E+0006
 2.41300000000000E+0003	 5.86706440910217E+0006
 2.41400000000000E+0003	 5.88606330972887E+0006
 2.41500000000000E+0003	 5.90489022204062E+0006
 2.41600000000000E+0003	 5.92354504370439E+0006
 2.41700000000000E+0003	 5.94202767326410E+0006
 2.41800000000000E+0003	 5.96033800908835E+0006
 2.41900000000000E+0003	 5.97847594820324E+0006
 2.42000000000000E+0003	 5.99644138836198E+0006
 2.42100000000000E+0003	 6.01423422701570E+0006
 2.42200000000000E+0003	 6.03185436106016E+0006
 2.42300000000000E+0003	 6.04930168688197E+0006
 2.42400000000000E+0003	 6.06657610167032E+0006
 2.42500000000000E+0003	 6.08367614779997E+0006
 2.42600000000000E+0003	 6.10055706046051E+0006
 2.42700000000000E+0003	 6.11719704856625E+0006
 2.42800000000000E+0003	 6.13359596838570E+0006
 2.42900000000000E+0003	 6.14975367570505E+0006
 2.43000000000000E+0003	 6.16567002736584E+0006
 2.43100000000000E+0003	 6.18134487884697E+0006
 2.43200000000000E+0003	 6.19677808735399E+0006
 2.43300000000000E+0003	 6.21196950807586E+0006
 2.43400000000000E+0003	 6.22691899511899E+0006
 2.43500000000000E+0003	 6.24162640495466E+0006
 2.43600000000000E+0003	 6.25609159266799E+0006
 2.43700000000000E+0003	 6.27031441333185E+0006
 2.43800000000000E+0003	 6.28429472157573E+0006
 2.43900000000000E+0003	 6.29803237306846E+0006
 2.44000000000000E+0003	 6.31152722241770E+0006
 2.44100000000000E+0003	 6.32477912367126E+0006
 2.44200000000000E+0003	 6.33778793093912E+0006
 2.44300000000000E+0003	 6.35055349953639E+0006
 2.44400000000000E+0003	 6.36305902704588E+0006
 2.44500000000000E+0003	 6.37526412625482E+0006
 2.44600000000000E+0003	 6.38716678989697E+0006
 2.44700000000000E+0003	 6.39876684238164E+0006
 2.44800000000000E+0003	 6.41006410889865E+0006
 2.44900000000000E+0003	 6.42105841239476E+0006
 2.45000000000000E+0003	 6.43174957636765E+0006
 2.45100000000000E+0003	 6.44213742482115E+0006
 2.45200000000000E+0003	 6.45222178150514E+0006
 2.45300000000000E+0003	 6.46201188886137E+0006
 2.45400000000000E+0003	 6.47156299320840E+0006
 2.45500000000000E+0003	 6.48088400969505E+0006
 2.45600000000000E+0003	 6.48997480530109E+0006
 2.45700000000000E+0003	 6.49883524629923E+0006
 2.45800000000000E+0003	 6.50746519698710E+0006
 2.45900000000000E+0003	 6.51586452277370E+0006
 2.46000000000000E+0003	 6.52403308995939E+0006
 2.46100000000000E+0003	 6.53197076470966E+0006
 2.46200000000000E+0003	 6.53967961762110E+0006
 2.46300000000000E+0003	 6.54721220375606E+0006
 2.46400000000000E+0003	 6.55459080118102E+0006
 2.46500000000000E+0003	 6.56181531960511E+0006
 2.46600000000000E+0003	 6.56888566830267E+0006
 2.46700000000000E+0003	 6.57580175719234E+0006
 2.46800000000000E+0003	 6.58256349459787E+0006
 2.46900000000000E+0003	 6.58917079169233E+0006
 2.47000000000000E+0003	 6.59562355882143E+0006
 2.47100000000000E+0003	 6.60192170562844E+0006
 2.47200000000000E+0003	 6.60806514108591E+0006
 2.47300000000000E+0003	 6.61405377548723E+0006
 2.47400000000000E+0003	 6.61988751771345E+0006
 2.47500000000000E+0003	 6.62556627733077E+0006
 2.47600000000000E+0003	 6.63108996410780E+0006
 2.47700000000000E+0003	 6.63645848574044E+0006
 2.47800000000000E+0003	 6.64167175226415E+0006
 2.47900000000000E+0003	 6.64672967257316E+0006
 2.48000000000000E+0003	 6.65163215532947E+0006
 2.48100000000000E+0003	 6.65641322773733E+0006
 2.48200000000000E+0003	 6.66118912886261E+0006
 2.48300000000000E+0003	 6.66596949576500E+0006
 2.48400000000000E+0003	 6.67075433043969E+0006
 2.48500000000000E+0003	 6.67554363496422E+0006
 2.48600000000000E+0003	 6.68033741303466E+0006
 2.48700000000000E+0003	 6.68513566577612E+0006
 2.48800000000000E+0003	 6.68993839739108E+0006
 2.48900000000000E+0003	 6.69474561054984E+0006
 2.49000000000000E+0003	 6.69955730794552E+0006
 2.49100000000000E+0003	 6.70437349323612E+0006
 2.49200000000000E+0003	 6.70919416817187E+0006
 2.49300000000000E+0003	 6.71401933486091E+0006
 2.49400000000000E+0003	 6.71884899636358E+0006
 2.49500000000000E+0003	 6.72368315543965E+0006
 2.49600000000000E+0003	 6.72852181448123E+0006
 2.49700000000000E+0003	 6.73336497641610E+0006
 2.49800000000000E+0003	 6.73821264287608E+0006
 2.49900000000000E+0003	 6.74306481741710E+0006
 2.50000000000000E+0003	 6.74797039369786E+0006
 2.50100000000000E+0003	 6.75297889619569E+0006
 2.50200000000000E+0003	 6.75809038581057E+0006
 2.50300000000000E+0003	 6.76330492406561E+0006
 2.50400000000000E+0003	 6.76862257264919E+0006
 2.50500000000000E+0003	 6.77404339172323E+0006
 2.50600000000000E+0003	 6.77956744261842E+0006
 2.50700000000000E+0003	 6.78519478675225E+0006
 2.50800000000000E+0003	 6.79092548485690E+0006
 2.50900000000000E+0003	 6.79675954429893E+0006
 2.51000000000000E+0003	 6.80269697019333E+0006
 2.51100000000000E+0003	 6.80873781854149E+0006
 2.51200000000000E+0003	 6.81488214806878E+0006
 2.51300000000000E+0003	 6.82113001698234E+0006
 2.51400000000000E+0003	 6.82748148253909E+0006
 2.51500000000000E+0003	 6.83393660184000E+0006
 2.51600000000000E+0003	 6.84049543376361E+0006
 2.51700000000000E+0003	 6.84715803551986E+0006
 2.51800000000000E+0003	 6.85392362055494E+0006
 2.51900000000000E+0003	 6.86077630685803E+0006
 2.52000000000000E+0003	 6.86771008826312E+0006
 2.52100000000000E+0003	 6.87472501084010E+0006
 2.52200000000000E+0003	 6.88182111989368E+0006
 2.52300000000000E+0003	 6.88899846032824E+0006
 2.52400000000000E+0003	 6.89625707717827E+0006
 2.52500000000000E+0003	 6.90359701626823E+0006
 2.52600000000000E+0003	 6.91101832263924E+0006
 2.52700000000000E+0003	 6.91852104131629E+0006
 2.52800000000000E+0003	 6.92610521721326E+0006
 2.52900000000000E+0003	 6.93377089699677E+0006
 2.53000000000000E+0003	 6.94151812462636E+0006
 2.53100000000000E+0003	 6.94934694715378E+0006
 2.53200000000000E+0003	 6.95725741024389E+0006
 2.53300000000000E+0003	 6.96524955958134E+0006
 2.53400000000000E+0003	 6.97332344178894E+0006
 2.53500000000000E+0003	 6.98147910188403E+0006
 2.53600000000000E+0003	 6.98971658486833E+0006
 2.53700000000000E+0003	 6.99803795753165E+0006
 2.53800000000000E+0003	 7.00645669193226E+0006
 2.53900000000000E+0003	 7.01497531116323E+0006
 2.54000000000000E+0003	 7.02359387208175E+0006
 2.54100000000000E+0003	 7.03231242985828E+0006
 2.54200000000000E+0003	 7.04113108241584E+0006
 2.54300000000000E+0003	 7.05004992851696E+0006
 2.54400000000000E+0003	 7.05906902629898E+0006
 2.54500000000000E+0003	 7.06818843200827E+0006
 2.54600000000000E+0003	 7.07740820488574E+0006
 2.54700000000000E+0003	 7.08672840435817E+0006
 2.54800000000000E+0003	 7.09614908790756E+0006
 2.54900000000000E+0003	 7.10567031374638E+0006
 2.55000000000000E+0003	 7.11529214071133E+0006
 2.55100000000000E+0003	 7.12501462685538E+0006
 2.55200000000000E+0003	 7.13483782978828E+0006
 2.55300000000000E+0003	 7.14476180800211E+0006
 2.55400000000000E+0003	 7.15478661876442E+0006
 2.55500000000000E+0003	 7.16491232175988E+0006
 2.55600000000000E+0003	 7.17513710279610E+0006
 2.55700000000000E+0003	 7.18545355967104E+0006
 2.55800000000000E+0003	 7.19586097222199E+0006
 2.55900000000000E+0003	 7.20635939499333E+0006
 2.56000000000000E+0003	 7.21694888028524E+0006
 2.56100000000000E+0003	 7.22762948113116E+0006
 2.56200000000000E+0003	 7.23840125142611E+0006
 2.56300000000000E+0003	 7.24926424262979E+0006
 2.56400000000000E+0003	 7.26021850872129E+0006
 2.56500000000000E+0003	 7.27126410316913E+0006
 2.56600000000000E+0003	 7.28240107874547E+0006
 2.56700000000000E+0003	 7.29362948858786E+0006
 2.56800000000000E+0003	 7.30494938639761E+0006
 2.56900000000000E+0003	 7.31636082542445E+0006
 2.57000000000000E+0003	 7.32786385862056E+0006
 2.57100000000000E+0003	 7.33945853887686E+0006
 2.57200000000000E+0003	 7.35114492172070E+0006
 2.57300000000000E+0003	 7.36292305854935E+0006
 2.57400000000000E+0003	 7.37479300430619E+0006
 2.57500000000000E+0003	 7.38676420235932E+0006
 2.57600000000000E+0003	 7.39886669717880E+0006
 2.57700000000000E+0003	 7.41110279527268E+0006
 2.57800000000000E+0003	 7.42347257179229E+0006
 2.57900000000000E+0003	 7.43597610150954E+0006
 2.58000000000000E+0003	 7.44861346035984E+0006
 2.58100000000000E+0003	 7.46138472426652E+0006
 2.58200000000000E+0003	 7.47428996855798E+0006
 2.58300000000000E+0003	 7.48732926988941E+0006
 2.58400000000000E+0003	 7.50050270371574E+0006
 2.58500000000000E+0003	 7.51381034685732E+0006
 2.58600000000000E+0003	 7.52725227557164E+0006
 2.58700000000000E+0003	 7.54082856620784E+0006
 2.58800000000000E+0003	 7.55453929312467E+0006
 2.58900000000000E+0003	 7.56838453370719E+0006
 2.59000000000000E+0003	 7.58236436561657E+0006
 2.59100000000000E+0003	 7.59647886477370E+0006
 2.59200000000000E+0003	 7.61072810697553E+0006
 2.59300000000000E+0003	 7.62511216974228E+0006
 2.59400000000000E+0003	 7.63963290942512E+0006
 2.59500000000000E+0003	 7.65429620263911E+0006
 2.59600000000000E+0003	 7.66910257825244E+0006
 2.59700000000000E+0003	 7.68405211655745E+0006
 2.59800000000000E+0003	 7.69914489999326E+0006
 2.59900000000000E+0003	 7.71438101091295E+0006
 2.60000000000000E+0003	 7.72976053102406E+0006
 2.60100000000000E+0003	 7.74528354112592E+0006
 2.60200000000000E+0003	 7.76095012466972E+0006
 2.60300000000000E+0003	 7.77675967757901E+0006
 2.60400000000000E+0003	 7.79266711582185E+0006
 2.60500000000000E+0003	 7.80864528246136E+0006
 2.60600000000000E+0003	 7.82469421690004E+0006
 2.60700000000000E+0003	 7.84081396045497E+0006
 2.60800000000000E+0003	 7.85700448605900E+0006
 2.60900000000000E+0003	 7.87326576469538E+0006
 2.61000000000000E+0003	 7.88959783553187E+0006
 2.61100000000000E+0003	 7.90600073805744E+0006
 2.61200000000000E+0003	 7.92247451162743E+0006
 2.61300000000000E+0003	 7.93902672887595E+0006
 2.61400000000000E+0003	 7.95568955817616E+0006
 2.61500000000000E+0003	 7.97246670388863E+0006
 2.61600000000000E+0003	 7.98935822739779E+0006
 2.61700000000000E+0003	 8.00636419345503E+0006
 2.61800000000000E+0003	 8.02348466556929E+0006
 2.61900000000000E+0003	 8.04071970770413E+0006
 2.62000000000000E+0003	 8.05806938441097E+0006
 2.62100000000000E+0003	 8.07553375917902E+0006
 2.62200000000000E+0003	 8.09311289467700E+0006
 2.62300000000000E+0003	 8.11080685512007E+0006
 2.62400000000000E+0003	 8.12861570430834E+0006
 2.62500000000000E+0003	 8.14653950533647E+0006
 2.62600000000000E+0003	 8.16457832304448E+0006
 2.62700000000000E+0003	 8.18273222136817E+0006
 2.62800000000000E+0003	 8.20100126490131E+0006
 2.62900000000000E+0003	 8.21938551812274E+0006
 2.63000000000000E+0003	 8.23788504543647E+0006
 2.63100000000000E+0003	 8.25649990911489E+0006
 2.63200000000000E+0003	 8.27521922967731E+0006
 2.63300000000000E+0003	 8.29395975062454E+0006
 2.63400000000000E+0003	 8.31270417110903E+0006
 2.63500000000000E+0003	 8.33145249234777E+0006
 2.63600000000000E+0003	 8.35020471746436E+0006
 2.63700000000000E+0003	 8.36896084849599E+0006
 2.63800000000000E+0003	 8.38772088581841E+0006
 2.63900000000000E+0003	 8.40648483222122E+0006
 2.64000000000000E+0003	 8.42525268909902E+0006
 2.64100000000000E+0003	 8.44402445936621E+0006
 2.64200000000000E+0003	 8.46280005849412E+0006
 2.64300000000000E+0003	 8.48157940128763E+0006
 2.64400000000000E+0003	 8.50036248862036E+0006
 2.64500000000000E+0003	 8.51914932421236E+0006
 2.64600000000000E+0003	 8.53793990968680E+0006
 2.64700000000000E+0003	 8.55673424607394E+0006
 2.64800000000000E+0003	 8.57553233592797E+0006
 2.64900000000000E+0003	 8.59433418064930E+0006
 2.65000000000000E+0003	 8.61313978307668E+0006
 2.65100000000000E+0003	 8.63194965710422E+0006
 2.65200000000000E+0003	 8.65077732588048E+0006
 2.65300000000000E+0003	 8.66962880166399E+0006
 2.65400000000000E+0003	 8.68850409743699E+0006
 2.65500000000000E+0003	 8.70740322639843E+0006
 2.65600000000000E+0003	 8.72632620025668E+0006
 2.65700000000000E+0003	 8.74527303132842E+0006
 2.65800000000000E+0003	 8.76424373514759E+0006
 2.65900000000000E+0003	 8.78323832196455E+0006
 2.66000000000000E+0003	 8.80225680630458E+0006
 2.66100000000000E+0003	 8.82129920133862E+0006
 2.66200000000000E+0003	 8.84036552035493E+0006
 2.66300000000000E+0003	 8.85945577715020E+0006
 2.66400000000000E+0003	 8.87856998471735E+0006
 2.66500000000000E+0003	 8.89770815470878E+0006
 2.66600000000000E+0003	 8.91687030071772E+0006
 2.66700000000000E+0003	 8.93605643544368E+0006
 2.66800000000000E+0003	 8.95526657137172E+0006
 2.66900000000000E+0003	 8.97450072200684E+0006
 2.67000000000000E+0003	 8.99375890063889E+0006
 2.67100000000000E+0003	 9.01299350365115E+0006
 2.67200000000000E+0003	 9.03214430936128E+0006
 2.67300000000000E+0003	 9.05121107239533E+0006
 2.67400000000000E+0003	 9.07019374503817E+0006
 2.67500000000000E+0003	 9.08909228229917E+0006
 2.67600000000000E+0003	 9.10790665209213E+0006
 2.67700000000000E+0003	 9.12663682079426E+0006
 2.67800000000000E+0003	 9.14528274100167E+0006
 2.67900000000000E+0003	 9.16384436744639E+0006
 2.68000000000000E+0003	 9.18231930048964E+0006
 2.68100000000000E+0003	 9.20066216739185E+0006
 2.68200000000000E+0003	 9.21885550802437E+0006
 2.68300000000000E+0003	 9.23689923968333E+0006
 2.68400000000000E+0003	 9.25479328058586E+0006
 2.68500000000000E+0003	 9.27253754889459E+0006
 2.68600000000000E+0003	 9.29013196304554E+0006
 2.68700000000000E+0003	 9.30757643924917E+0006
 2.68800000000000E+0003	 9.32487089669756E+0006
 2.68900000000000E+0003	 9.34201525255735E+0006
 2.69000000000000E+0003	 9.35899401936165E+0006
 2.69100000000000E+0003	 9.37573948538293E+0006
 2.69200000000000E+0003	 9.39224357129419E+0006
 2.69300000000000E+0003	 9.40850614483938E+0006
 2.69400000000000E+0003	 9.42452707342995E+0006
 2.69500000000000E+0003	 9.44030622310226E+0006
 2.69600000000000E+0003	 9.45584346073503E+0006
 2.69700000000000E+0003	 9.47113865276490E+0006
 2.69800000000000E+0003	 9.48619166610509E+0006
 2.69900000000000E+0003	 9.50100236572852E+0006
 2.70000000000000E+0003	 9.51557061717872E+0006
