 1.00000000000000E+0003	 0.00000000000000E+0000
 1.00100000000000E+0003	 1.79006729274912E+0001
 1.00200000000000E+0003	 3.56436990214290E+0001
 1.00300000000000E+0003	 5.32276949508974E+0001
 1.00400000000000E+0003	 7.06513160153350E+0001
 1.00500000000000E+0003	 8.79425408991821E+0001
 1.00600000000000E+0003	 1.05139950325709E+0002
 1.00700000000000E+0003	 1.22243669189052E+0002
 1.00800000000000E+0003	 1.39253613039263E+0002
 1.00900000000000E+0003	 1.56169701000028E+0002
 1.01000000000000E+0003	 1.72991848569127E+0002
 1.01100000000000E+0003	 1.89719948494359E+0002
 1.01200000000000E+0003	 2.06353916617198E+0002
 1.01300000000000E+0003	 2.22893671834948E+0002
 1.01400000000000E+0003	 2.39339123047771E+0002
 1.01500000000000E+0003	 2.55690167436959E+0002
 1.01600000000000E+0003	 2.71946804686063E+0002
 1.01700000000000E+0003	 2.88376896246385E+0002
 1.01800000000000E+0003	 3.05190960444469E+0002
 1.01900000000000E+0003	 3.22389278844448E+0002
 1.02000000000000E+0003	 3.39972115937851E+0002
 1.02100000000000E+0003	 3.57939780666035E+0002
 1.02200000000000E+0003	 3.76292567123934E+0002
 1.02300000000000E+0003	 3.95030768054728E+0002
 1.02400000000000E+0003	 4.14154648999193E+0002
 1.02500000000000E+0003	 4.33664525023009E+0002
 1.02600000000000E+0003	 4.53560686337626E+0002
 1.02700000000000E+0003	 4.73843423481927E+0002
 1.02800000000000E+0003	 4.94513005004168E+0002
 1.02900000000000E+0003	 5.15569740378817E+0002
 1.03000000000000E+0003	 5.37014235363543E+0002
 1.03100000000000E+0003	 5.58847109276207E+0002
 1.03200000000000E+0003	 5.81068660139650E+0002
 1.03300000000000E+0003	 6.03679181878533E+0002
 1.03400000000000E+0003	 6.26666773557089E+0002
 1.03500000000000E+0003	 6.49372402240063E+0002
 1.03600000000000E+0003	 6.71420013302568E+0002
 1.03700000000000E+0003	 6.92809067728799E+0002
 1.03800000000000E+0003	 7.13539044088871E+0002
 1.03900000000000E+0003	 7.33609405968995E+0002
 1.04000000000000E+0003	 7.53019609383287E+0002
 1.04100000000000E+0003	 7.71769104023481E+0002
 1.04200000000000E+0003	 7.89857370776893E+0002
 1.04300000000000E+0003	 8.07283721740409E+0002
 1.04400000000000E+0003	 8.24047489650039E+0002
 1.04500000000000E+0003	 8.40148157580283E+0002
 1.04600000000000E+0003	 8.55585168146650E+0002
 1.04700000000000E+0003	 8.70358044106315E+0002
 1.04800000000000E+0003	 8.84466263022444E+0002
 1.04900000000000E+0003	 8.97909303738997E+0002
 1.05000000000000E+0003	 9.10686622423334E+0002
 1.05100000000000E+0003	 9.22797704557164E+0002
 1.05200000000000E+0003	 9.34248104677382E+0002
 1.05300000000000E+0003	 9.46008132387681E+0002
 1.05400000000000E+0003	 9.58781681023613E+0002
 1.05500000000000E+0003	 9.72569556136507E+0002
 1.05600000000000E+0003	 9.87372563836975E+0002
 1.05700000000000E+0003	 1.00319174164861E+0003
 1.05800000000000E+0003	 1.02002816180760E+0003
 1.05900000000000E+0003	 1.03788268145519E+0003
 1.06000000000000E+0003	 1.05675618625983E+0003
 1.06100000000000E+0003	 1.07664953646805E+0003
 1.06200000000000E+0003	 1.09756359216332E+0003
 1.06300000000000E+0003	 1.11949919705235E+0003
 1.06400000000000E+0003	 1.14245723746257E+0003
 1.06500000000000E+0003	 1.16643858806994E+0003
 1.06600000000000E+0003	 1.19144412062719E+0003
 1.06700000000000E+0003	 1.21747468466536E+0003
 1.06800000000000E+0003	 1.24453117640130E+0003
 1.06900000000000E+0003	 1.27261446918329E+0003
 1.07000000000000E+0003	 1.30172499512637E+0003
 1.07100000000000E+0003	 1.33136846513948E+0003
 1.07200000000000E+0003	 1.36070932403148E+0003
 1.07300000000000E+0003	 1.38973377385943E+0003
 1.07400000000000E+0003	 1.41844156710569E+0003
 1.07500000000000E+0003	 1.44683242909837E+0003
 1.07600000000000E+0003	 1.47490608918640E+0003
 1.07700000000000E+0003	 1.50266233586227E+0003
 1.07800000000000E+0003	 1.53010092169311E+0003
 1.07900000000000E+0003	 1.55722157964685E+0003
 1.08000000000000E+0003	 1.58402405623486E+0003
 1.08100000000000E+0003	 1.61050811176640E+0003
 1.08200000000000E+0003	 1.63667349322892E+0003
 1.08300000000000E+0003	 1.66251993910916E+0003
 1.08400000000000E+0003	 1.68804734904591E+0003
 1.08500000000000E+0003	 1.71325564432151E+0003
 1.08600000000000E+0003	 1.73814455675236E+0003
 1.08700000000000E+0003	 1.76271382579784E+0003
 1.08800000000000E+0003	 1.78696318774039E+0003
 1.08900000000000E+0003	 1.89564093526169E+0003
 1.09000000000000E+0003	 2.65434720240108E+0003
 1.09100000000000E+0003	 4.16806717222961E+0003
 1.09200000000000E+0003	 6.39875440349827E+0003
 1.09300000000000E+0003	 8.98056184791922E+0003
 1.09400000000000E+0003	 1.16116323743770E+0004
 1.09500000000000E+0003	 1.39915454786826E+0004
 1.09600000000000E+0003	 1.59909072698848E+0004
 1.09700000000000E+0003	 1.75670628295687E+0004
 1.09800000000000E+0003	 1.87241767692723E+0004
 1.09900000000000E+0003	 1.95846107817527E+0004
 1.10000000000000E+0003	 2.02031736595620E+0004
 1.10100000000000E+0003	 2.05814287942170E+0004
 1.10200000000000E+0003	 2.08444303361847E+0004
 1.10300000000000E+0003	 2.10691560316024E+0004
 1.10400000000000E+0003	 2.12555763737345E+0004
 1.10500000000000E+0003	 2.14036618494089E+0004
 1.10600000000000E+0003	 2.15133828096440E+0004
 1.10700000000000E+0003	 2.15847096161679E+0004
 1.10800000000000E+0003	 2.16346316722132E+0004
 1.10900000000000E+0003	 2.16851365757725E+0004
 1.11000000000000E+0003	 2.17363125920579E+0004
 1.11100000000000E+0003	 2.17881603155102E+0004
 1.11200000000000E+0003	 2.18406802668098E+0004
 1.11300000000000E+0003	 2.18938740453843E+0004
 1.11400000000000E+0003	 2.19469695588026E+0004
 1.11500000000000E+0003	 2.19978498708980E+0004
 1.11600000000000E+0003	 2.20463925570280E+0004
 1.11700000000000E+0003	 2.20925956510203E+0004
 1.11800000000000E+0003	 2.21364571286952E+0004
 1.11900000000000E+0003	 2.21779749613412E+0004
 1.12000000000000E+0003	 2.22175679495482E+0004
 1.12100000000000E+0003	 2.22579290543460E+0004
 1.12200000000000E+0003	 2.22995375953148E+0004
 1.12300000000000E+0003	 2.23423946473446E+0004
 1.12400000000000E+0003	 2.23865012966840E+0004
 1.12500000000000E+0003	 2.24318586192436E+0004
 1.12600000000000E+0003	 2.24785272386265E+0004
 1.12700000000000E+0003	 2.25279973265113E+0004
 1.12800000000000E+0003	 2.25809160098579E+0004
 1.12900000000000E+0003	 2.26372863953016E+0004
 1.13000000000000E+0003	 2.26971112992558E+0004
 1.13100000000000E+0003	 2.27603934937097E+0004
 1.13200000000000E+0003	 2.28271357247956E+0004
 1.13300000000000E+0003	 2.29273692027186E+0004
 1.13400000000000E+0003	 2.30955593859131E+0004
 1.13500000000000E+0003	 2.33318006110989E+0004
 1.13600000000000E+0003	 2.36361477626479E+0004
 1.13700000000000E+0003	 2.40086558283154E+0004
 1.13800000000000E+0003	 2.44493798613621E+0004
 1.13900000000000E+0003	 2.49512933031764E+0004
 1.14000000000000E+0003	 2.54923805798797E+0004
 1.14100000000000E+0003	 2.60710892620728E+0004
 1.14200000000000E+0003	 2.66874628101406E+0004
 1.14300000000000E+0003	 2.73415470367485E+0004
 1.14400000000000E+0003	 2.80333756102425E+0004
 1.14500000000000E+0003	 2.87535860563044E+0004
 1.14600000000000E+0003	 2.94045094124391E+0004
 1.14700000000000E+0003	 2.99601814809723E+0004
 1.14800000000000E+0003	 3.04205170104399E+0004
 1.14900000000000E+0003	 3.07854305347819E+0004
 1.15000000000000E+0003	 3.10548365780889E+0004
 1.15100000000000E+0003	 3.12287781962437E+0004
 1.15200000000000E+0003	 3.13541297451303E+0004
 1.15300000000000E+0003	 3.14688526559926E+0004
 1.15400000000000E+0003	 3.15729374609451E+0004
 1.15500000000000E+0003	 3.16663746229293E+0004
 1.15600000000000E+0003	 3.17491533388757E+0004
 1.15700000000000E+0003	 3.18212632327316E+0004
 1.15800000000000E+0003	 3.18849313381702E+0004
 1.15900000000000E+0003	 3.19462891642252E+0004
 1.16000000000000E+0003	 3.20056868171738E+0004
 1.16100000000000E+0003	 3.20631225960625E+0004
 1.16200000000000E+0003	 3.21185948193322E+0004
 1.16300000000000E+0003	 3.21721018641238E+0004
 1.16400000000000E+0003	 3.22236420812323E+0004
 1.16500000000000E+0003	 3.22732137966200E+0004
 1.16600000000000E+0003	 3.23208153587850E+0004
 1.16700000000000E+0003	 3.23664451184745E+0004
 1.16800000000000E+0003	 3.24101014133732E+0004
 1.16900000000000E+0003	 3.24517825632163E+0004
 1.17000000000000E+0003	 3.24914868953045E+0004
 1.17100000000000E+0003	 3.25297376106358E+0004
 1.17200000000000E+0003	 3.25670873798221E+0004
 1.17300000000000E+0003	 3.26035353424656E+0004
 1.17400000000000E+0003	 3.26390807482421E+0004
 1.17500000000000E+0003	 3.26737228415761E+0004
 1.17600000000000E+0003	 3.27074608991533E+0004
 1.17700000000000E+0003	 3.27402940956061E+0004
 1.17800000000000E+0003	 3.27722216881656E+0004
 1.17900000000000E+0003	 3.28032429136346E+0004
 1.18000000000000E+0003	 3.28333570431100E+0004
 1.18100000000000E+0003	 3.28625633477483E+0004
 1.18200000000000E+0003	 3.28908610878809E+0004
 1.18300000000000E+0003	 3.29182749172397E+0004
 1.18400000000000E+0003	 3.29457528246640E+0004
 1.18500000000000E+0003	 3.29737760972892E+0004
 1.18600000000000E+0003	 3.30023451174894E+0004
 1.18700000000000E+0003	 3.30314607173867E+0004
 1.18800000000000E+0003	 3.30611237749517E+0004
 1.18900000000000E+0003	 3.30913346125623E+0004
 1.19000000000000E+0003	 3.31220939497297E+0004
 1.19100000000000E+0003	 3.31534022461863E+0004
 1.19200000000000E+0003	 3.31852599226646E+0004
 1.19300000000000E+0003	 3.32176674837066E+0004
 1.19400000000000E+0003	 3.32506254641411E+0004
 1.19500000000000E+0003	 3.32841343356433E+0004
 1.19600000000000E+0003	 3.33180781075809E+0004
 1.19700000000000E+0003	 3.33508050257190E+0004
 1.19800000000000E+0003	 3.33817778058477E+0004
 1.19900000000000E+0003	 3.34109949019519E+0004
 1.20000000000000E+0003	 3.34384547414827E+0004
 1.20100000000000E+0003	 3.34641556301691E+0004
 1.20200000000000E+0003	 3.34880963992102E+0004
 1.20300000000000E+0003	 3.35102754828140E+0004
 1.20400000000000E+0003	 3.35306912543631E+0004
 1.20500000000000E+0003	 3.35493421047588E+0004
 1.20600000000000E+0003	 3.35662264759529E+0004
 1.20700000000000E+0003	 3.35813427872382E+0004
 1.20800000000000E+0003	 3.35946894293173E+0004
 1.20900000000000E+0003	 3.36064995274069E+0004
 1.21000000000000E+0003	 3.36191878541546E+0004
 1.21100000000000E+0003	 3.36333912843189E+0004
 1.21200000000000E+0003	 3.36491111626959E+0004
 1.21300000000000E+0003	 3.36663488233080E+0004
 1.21400000000000E+0003	 3.36851053158454E+0004
 1.21500000000000E+0003	 3.37053825964089E+0004
 1.21600000000000E+0003	 3.37271818000453E+0004
 1.21700000000000E+0003	 3.37505043017858E+0004
 1.21800000000000E+0003	 3.37753516022334E+0004
 1.21900000000000E+0003	 3.38017252559624E+0004
 1.22000000000000E+0003	 3.38296265935151E+0004
 1.22100000000000E+0003	 3.38590570278954E+0004
 1.22200000000000E+0003	 3.38898834714526E+0004
 1.22300000000000E+0003	 3.39206515346662E+0004
 1.22400000000000E+0003	 3.39509641457398E+0004
 1.22500000000000E+0003	 3.39808208824226E+0004
 1.22600000000000E+0003	 3.40102212762493E+0004
 1.22700000000000E+0003	 3.40391648737889E+0004
 1.22800000000000E+0003	 3.40676513757615E+0004
 1.22900000000000E+0003	 3.40956802950031E+0004
 1.23000000000000E+0003	 3.41232511946954E+0004
 1.23100000000000E+0003	 3.41503636612308E+0004
 1.23200000000000E+0003	 3.41770170872036E+0004
 1.23300000000000E+0003	 3.42032113430512E+0004
 1.23400000000000E+0003	 3.42289460755824E+0004
 1.23500000000000E+0003	 3.42543492946257E+0004
 1.23600000000000E+0003	 3.42816034467299E+0004
 1.23700000000000E+0003	 3.43114954537570E+0004
 1.23800000000000E+0003	 3.43440278201918E+0004
 1.23900000000000E+0003	 3.43792031027355E+0004
 1.24000000000000E+0003	 3.44170238944039E+0004
 1.24100000000000E+0003	 3.44574927477148E+0004
 1.24200000000000E+0003	 3.45006121981983E+0004
 1.24300000000000E+0003	 3.45463847615590E+0004
 1.24400000000000E+0003	 3.45948128440962E+0004
 1.24500000000000E+0003	 3.46458993115669E+0004
 1.24600000000000E+0003	 3.46996465950164E+0004
 1.24700000000000E+0003	 3.47560572143701E+0004
 1.24800000000000E+0003	 3.48150894840977E+0004
 1.24900000000000E+0003	 3.48738301961656E+0004
 1.25000000000000E+0003	 3.49305215995330E+0004
 1.25100000000000E+0003	 3.49851613895650E+0004
 1.25200000000000E+0003	 3.50377476507015E+0004
 1.25300000000000E+0003	 3.50882784552854E+0004
 1.25400000000000E+0003	 3.51367518657799E+0004
 1.25500000000000E+0003	 3.51831659183742E+0004
 1.25600000000000E+0003	 3.52275186050631E+0004
 1.25700000000000E+0003	 3.52698077756562E+0004
 1.25800000000000E+0003	 3.53100319746722E+0004
 1.25900000000000E+0003	 3.53481890435334E+0004
 1.26000000000000E+0003	 3.53842770303267E+0004
 1.26100000000000E+0003	 3.54182939671393E+0004
 1.26200000000000E+0003	 3.54521634894466E+0004
 1.26300000000000E+0003	 3.54885252030855E+0004
 1.26400000000000E+0003	 3.55273972560785E+0004
 1.26500000000000E+0003	 3.55687820075400E+0004
 1.26600000000000E+0003	 3.56126818448903E+0004
 1.26700000000000E+0003	 3.56590991635568E+0004
 1.26800000000000E+0003	 3.57080363515141E+0004
 1.26900000000000E+0003	 3.57594957431250E+0004
 1.27000000000000E+0003	 3.58134797351589E+0004
 1.27100000000000E+0003	 3.58699908217757E+0004
 1.27200000000000E+0003	 3.59290313506539E+0004
 1.27300000000000E+0003	 3.59906037098634E+0004
 1.27400000000000E+0003	 3.60547103270471E+0004
 1.27500000000000E+0003	 3.61200249653299E+0004
 1.27600000000000E+0003	 3.61815870565593E+0004
 1.27700000000000E+0003	 3.62389222902578E+0004
 1.27800000000000E+0003	 3.62920266320531E+0004
 1.27900000000000E+0003	 3.63408960683403E+0004
 1.28000000000000E+0003	 3.63855266130928E+0004
 1.28100000000000E+0003	 3.64259141925628E+0004
 1.28200000000000E+0003	 3.64734438974231E+0004
 1.28300000000000E+0003	 3.65416894791222E+0004
 1.28400000000000E+0003	 3.66306948833612E+0004
 1.28500000000000E+0003	 3.67404787701544E+0004
 1.28600000000000E+0003	 3.68710597910716E+0004
 1.28700000000000E+0003	 3.70224565704637E+0004
 1.28800000000000E+0003	 3.71937053947215E+0004
 1.28900000000000E+0003	 3.73655028788531E+0004
 1.29000000000000E+0003	 3.75303599047657E+0004
 1.29100000000000E+0003	 3.76882702070385E+0004
 1.29200000000000E+0003	 3.78392275351002E+0004
 1.29300000000000E+0003	 3.79832256169393E+0004
 1.29400000000000E+0003	 3.81202581427215E+0004
 1.29500000000000E+0003	 3.82503188397258E+0004
 1.29600000000000E+0003	 3.83734014090817E+0004
 1.29700000000000E+0003	 3.84894995383475E+0004
 1.29800000000000E+0003	 3.85986068804056E+0004
 1.29900000000000E+0003	 3.87025432708975E+0004
 1.30000000000000E+0003	 3.88111650064260E+0004
 1.30100000000000E+0003	 3.89259495894659E+0004
 1.30200000000000E+0003	 3.90461010452496E+0004
 1.30300000000000E+0003	 3.91701576141950E+0004
 1.30400000000000E+0003	 3.92980914230080E+0004
 1.30500000000000E+0003	 3.94299058747058E+0004
 1.30600000000000E+0003	 3.95656043410571E+0004
 1.30700000000000E+0003	 3.97051902560784E+0004
 1.30800000000000E+0003	 3.98486670480820E+0004
 1.30900000000000E+0003	 3.99960381724020E+0004
 1.31000000000000E+0003	 4.01473070902567E+0004
 1.31100000000000E+0003	 4.03024772571722E+0004
 1.31200000000000E+0003	 4.04615520621084E+0004
 1.31300000000000E+0003	 4.06245350063922E+0004
 1.31400000000000E+0003	 4.07914296351761E+0004
 1.31500000000000E+0003	 4.09622103131397E+0004
 1.31600000000000E+0003	 4.11365038505291E+0004
 1.31700000000000E+0003	 4.13141977216707E+0004
 1.31800000000000E+0003	 4.14952947484146E+0004
 1.31900000000000E+0003	 4.16797983581843E+0004
 1.32000000000000E+0003	 4.18677113870930E+0004
 1.32100000000000E+0003	 4.20590368855996E+0004
 1.32200000000000E+0003	 4.22537779144234E+0004
 1.32300000000000E+0003	 4.24519375737257E+0004
 1.32400000000000E+0003	 4.26535188765185E+0004
 1.32500000000000E+0003	 4.28585249312554E+0004
 1.32600000000000E+0003	 4.30669588376097E+0004
 1.32700000000000E+0003	 4.32788236650583E+0004
 1.32800000000000E+0003	 4.34941224647890E+0004
 1.32900000000000E+0003	 4.37182980441000E+0004
 1.33000000000000E+0003	 4.39640874903883E+0004
 1.33100000000000E+0003	 4.42320356850809E+0004
 1.33200000000000E+0003	 4.45221623540705E+0004
 1.33300000000000E+0003	 4.48344891445383E+0004
 1.33400000000000E+0003	 4.51690381729431E+0004
 1.33500000000000E+0003	 4.55258298912346E+0004
 1.33600000000000E+0003	 4.59048847687024E+0004
 1.33700000000000E+0003	 4.63062232714886E+0004
 1.33800000000000E+0003	 4.67298659627842E+0004
 1.33900000000000E+0003	 4.71758333861215E+0004
 1.34000000000000E+0003	 4.76441461081685E+0004
 1.34100000000000E+0003	 4.81348247050572E+0004
 1.34200000000000E+0003	 4.86484374887474E+0004
 1.34300000000000E+0003	 4.92297168046449E+0004
 1.34400000000000E+0003	 4.99071247820288E+0004
 1.34500000000000E+0003	 5.06807500805699E+0004
 1.34600000000000E+0003	 5.15737499357295E+0004
 1.34700000000000E+0003	 5.26528887944915E+0004
 1.34800000000000E+0003	 5.39225396088249E+0004
 1.34900000000000E+0003	 5.53693540330641E+0004
 1.35000000000000E+0003	 5.67431960937622E+0004
 1.35100000000000E+0003	 5.79498871650458E+0004
 1.35200000000000E+0003	 5.89892884423373E+0004
 1.35300000000000E+0003	 5.98694738078605E+0004
 1.35400000000000E+0003	 6.06048322739669E+0004
 1.35500000000000E+0003	 6.11955196167604E+0004
 1.35600000000000E+0003	 6.16520304486249E+0004
 1.35700000000000E+0003	 6.20675550923799E+0004
 1.35800000000000E+0003	 6.24638778137389E+0004
 1.35900000000000E+0003	 6.28409825944836E+0004
 1.36000000000000E+0003	 6.32309355775690E+0004
 1.36100000000000E+0003	 6.36695680628119E+0004
 1.36200000000000E+0003	 6.41569475722887E+0004
 1.36300000000000E+0003	 6.47088725432195E+0004
 1.36400000000000E+0003	 6.54098032224424E+0004
 1.36500000000000E+0003	 6.62723665339053E+0004
 1.36600000000000E+0003	 6.72966975451309E+0004
 1.36700000000000E+0003	 6.84829311035713E+0004
 1.36800000000000E+0003	 6.98312274446104E+0004
 1.36900000000000E+0003	 7.13417557706180E+0004
 1.37000000000000E+0003	 7.30307482539433E+0004
 1.37100000000000E+0003	 7.49580233982385E+0004
 1.37200000000000E+0003	 7.71293990139041E+0004
 1.37300000000000E+0003	 7.95423783074069E+0004
 1.37400000000000E+0003	 8.20802659962560E+0004
 1.37500000000000E+0003	 8.46809749503133E+0004
 1.37600000000000E+0003	 8.73445624580065E+0004
 1.37700000000000E+0003	 9.00103866659642E+0004
 1.37800000000000E+0003	 9.25095306565466E+0004
 1.37900000000000E+0003	 9.48319016045497E+0004
 1.38000000000000E+0003	 9.69747808217592E+0004
 1.38100000000000E+0003	 9.88804890303262E+0004
 1.38200000000000E+0003	 1.00525028206169E+0005
 1.38300000000000E+0003	 1.01908159277569E+0005
 1.38400000000000E+0003	 1.03086657407737E+0005
 1.38500000000000E+0003	 1.04187112844281E+0005
 1.38600000000000E+0003	 1.05214089391502E+0005
 1.38700000000000E+0003	 1.06167523637622E+0005
 1.38800000000000E+0003	 1.07047351732200E+0005
 1.38900000000000E+0003	 1.07853509860489E+0005
 1.39000000000000E+0003	 1.08585934021200E+0005
 1.39100000000000E+0003	 1.09248932561174E+0005
 1.39200000000000E+0003	 1.09850699381084E+0005
 1.39300000000000E+0003	 1.10391375372446E+0005
 1.39400000000000E+0003	 1.10870907600390E+0005
 1.39500000000000E+0003	 1.11289242937790E+0005
 1.39600000000000E+0003	 1.11646328187111E+0005
 1.39700000000000E+0003	 1.11942110072964E+0005
 1.39800000000000E+0003	 1.12196991287578E+0005
 1.39900000000000E+0003	 1.12445751226181E+0005
 1.40000000000000E+0003	 1.12688964116104E+0005
 1.40100000000000E+0003	 1.12926625090817E+0005
 1.40200000000000E+0003	 1.13158729177244E+0005
 1.40300000000000E+0003	 1.13385267786522E+0005
 1.40400000000000E+0003	 1.13606232429185E+0005
 1.40500000000000E+0003	 1.13826009168108E+0005
 1.40600000000000E+0003	 1.14051737234305E+0005
 1.40700000000000E+0003	 1.14283521263907E+0005
 1.40800000000000E+0003	 1.14521366089907E+0005
 1.40900000000000E+0003	 1.14765276642029E+0005
 1.41000000000000E+0003	 1.15015257472844E+0005
 1.41100000000000E+0003	 1.15271313931826E+0005
 1.41200000000000E+0003	 1.15539657287623E+0005
 1.41300000000000E+0003	 1.15830569594536E+0005
 1.41400000000000E+0003	 1.16144222970814E+0005
 1.41500000000000E+0003	 1.16480635442474E+0005
 1.41600000000000E+0003	 1.16839825938284E+0005
 1.41700000000000E+0003	 1.17221812931908E+0005
 1.41800000000000E+0003	 1.17626614739558E+0005
 1.41900000000000E+0003	 1.18060444903733E+0005
 1.42000000000000E+0003	 1.18534394716811E+0005
 1.42100000000000E+0003	 1.19048715045729E+0005
 1.42200000000000E+0003	 1.19602729855410E+0005
 1.42300000000000E+0003	 1.20186639365050E+0005
 1.42400000000000E+0003	 1.20797341392081E+0005
 1.42500000000000E+0003	 1.21434859466189E+0005
 1.42600000000000E+0003	 1.22073216060175E+0005
 1.42700000000000E+0003	 1.22659125248283E+0005
 1.42800000000000E+0003	 1.23190954544483E+0005
 1.42900000000000E+0003	 1.23669421399528E+0005
 1.43000000000000E+0003	 1.24108543928581E+0005
 1.43100000000000E+0003	 1.24513557083359E+0005
 1.43200000000000E+0003	 1.24884430739273E+0005
 1.43300000000000E+0003	 1.25222658414842E+0005
 1.43400000000000E+0003	 1.25532001824619E+0005
 1.43500000000000E+0003	 1.25812614139749E+0005
 1.43600000000000E+0003	 1.26064469849350E+0005
 1.43700000000000E+0003	 1.26287543634543E+0005
 1.43800000000000E+0003	 1.26481810033458E+0005
 1.43900000000000E+0003	 1.26647243626418E+0005
 1.44000000000000E+0003	 1.26788159992278E+0005
 1.44100000000000E+0003	 1.26918496633741E+0005
 1.44200000000000E+0003	 1.27039299404500E+0005
 1.44300000000000E+0003	 1.27150560634945E+0005
 1.44400000000000E+0003	 1.27252272486928E+0005
 1.44500000000000E+0003	 1.27344426980047E+0005
 1.44600000000000E+0003	 1.27427016368760E+0005
 1.44700000000000E+0003	 1.27500032784840E+0005
 1.44800000000000E+0003	 1.27563468584852E+0005
 1.44900000000000E+0003	 1.27617315772103E+0005
 1.45000000000000E+0003	 1.27664328157328E+0005
 1.45100000000000E+0003	 1.27711582444847E+0005
 1.45200000000000E+0003	 1.27759434669768E+0005
 1.45300000000000E+0003	 1.27807884802268E+0005
 1.45400000000000E+0003	 1.27856933814763E+0005
 1.45500000000000E+0003	 1.27906582150820E+0005
 1.45600000000000E+0003	 1.27956830310882E+0005
 1.45700000000000E+0003	 1.28007678742767E+0005
 1.45800000000000E+0003	 1.28059127583396E+0005
 1.45900000000000E+0003	 1.28111177939592E+0005
 1.46000000000000E+0003	 1.28163830266822E+0005
 1.46100000000000E+0003	 1.28217042345655E+0005
 1.46200000000000E+0003	 1.28270280548403E+0005
 1.46300000000000E+0003	 1.28323384243098E+0005
 1.46400000000000E+0003	 1.28376353363971E+0005
 1.46500000000000E+0003	 1.28429187781792E+0005
 1.46600000000000E+0003	 1.28481886754791E+0005
 1.46700000000000E+0003	 1.28534450827566E+0005
 1.46800000000000E+0003	 1.28586879841970E+0005
 1.46900000000000E+0003	 1.28639173680054E+0005
 1.47000000000000E+0003	 1.28691332232423E+0005
 1.47100000000000E+0003	 1.28743355354102E+0005
 1.47200000000000E+0003	 1.28795242945218E+0005
 1.47300000000000E+0003	 1.28846995032178E+0005
 1.47400000000000E+0003	 1.28898611403762E+0005
 1.47500000000000E+0003	 1.28950091925235E+0005
 1.47600000000000E+0003	 1.29001436271861E+0005
 1.47700000000000E+0003	 1.29052644451911E+0005
 1.47800000000000E+0003	 1.29103716626460E+0005
 1.47900000000000E+0003	 1.29154652874729E+0005
 1.48000000000000E+0003	 1.29205453192351E+0005
 1.48100000000000E+0003	 1.29256117473310E+0005
 1.48200000000000E+0003	 1.29306645692711E+0005
 1.48300000000000E+0003	 1.29358012442495E+0005
 1.48400000000000E+0003	 1.29411894713164E+0005
 1.48500000000000E+0003	 1.29468323646022E+0005
 1.48600000000000E+0003	 1.29527301507625E+0005
 1.48700000000000E+0003	 1.29588830452338E+0005
 1.48800000000000E+0003	 1.29652912492981E+0005
 1.48900000000000E+0003	 1.29719549906721E+0005
 1.49000000000000E+0003	 1.29788744874219E+0005
 1.49100000000000E+0003	 1.29860499758981E+0005
 1.49200000000000E+0003	 1.29934816625924E+0005
 1.49300000000000E+0003	 1.30011697671501E+0005
 1.49400000000000E+0003	 1.30091145043834E+0005
 1.49500000000000E+0003	 1.30173161166967E+0005
 1.49600000000000E+0003	 1.30257747717837E+0005
 1.49700000000000E+0003	 1.30344906910201E+0005
 1.49800000000000E+0003	 1.30434640362263E+0005
 1.49900000000000E+0003	 1.30526950235946E+0005
 1.50000000000000E+0003	 1.30621838621295E+0005
 1.50100000000000E+0003	 1.30719307355613E+0005
 1.50200000000000E+0003	 1.30819359241301E+0005
 1.50300000000000E+0003	 1.30921996338321E+0005
 1.50400000000000E+0003	 1.31027144257293E+0005
 1.50500000000000E+0003	 1.31132433629281E+0005
 1.50600000000000E+0003	 1.31236741380904E+0005
 1.50700000000000E+0003	 1.31340066738692E+0005
 1.50800000000000E+0003	 1.31442408809359E+0005
 1.50900000000000E+0003	 1.31543766225866E+0005
 1.51000000000000E+0003	 1.31644138768618E+0005
 1.51100000000000E+0003	 1.31743525561246E+0005
 1.51200000000000E+0003	 1.31841925767298E+0005
 1.51300000000000E+0003	 1.31939338569406E+0005
 1.51400000000000E+0003	 1.32035763064299E+0005
 1.51500000000000E+0003	 1.32131198492680E+0005
 1.51600000000000E+0003	 1.32225643112778E+0005
 1.51700000000000E+0003	 1.32319095043629E+0005
 1.51800000000000E+0003	 1.32411553457827E+0005
 1.51900000000000E+0003	 1.32503017346849E+0005
 1.52000000000000E+0003	 1.32593486049638E+0005
 1.52100000000000E+0003	 1.32682958731695E+0005
 1.52200000000000E+0003	 1.32771434520667E+0005
 1.52300000000000E+0003	 1.32858912725501E+0005
 1.52400000000000E+0003	 1.32945392554393E+0005
 1.52500000000000E+0003	 1.33030873300353E+0005
 1.52600000000000E+0003	 1.33115839112454E+0005
 1.52700000000000E+0003	 1.33204693568525E+0005
 1.52800000000000E+0003	 1.33298496285251E+0005
 1.52900000000000E+0003	 1.33397251293841E+0005
 1.53000000000000E+0003	 1.33500962559684E+0005
 1.53100000000000E+0003	 1.33609633903040E+0005
 1.53200000000000E+0003	 1.33723269418401E+0005
 1.53300000000000E+0003	 1.33841873115770E+0005
 1.53400000000000E+0003	 1.33965449151793E+0005
 1.53500000000000E+0003	 1.34094001423163E+0005
 1.53600000000000E+0003	 1.34227533220170E+0005
 1.53700000000000E+0003	 1.34366047712453E+0005
 1.53800000000000E+0003	 1.34509549005422E+0005
 1.53900000000000E+0003	 1.34658040545263E+0005
 1.54000000000000E+0003	 1.34811526726170E+0005
 1.54100000000000E+0003	 1.34970011422121E+0005
 1.54200000000000E+0003	 1.35133498578380E+0005
 1.54300000000000E+0003	 1.35301992054241E+0005
 1.54400000000000E+0003	 1.35475495500207E+0005
 1.54500000000000E+0003	 1.35654013531814E+0005
 1.54600000000000E+0003	 1.35837549925833E+0005
 1.54700000000000E+0003	 1.36026108588729E+0005
 1.54800000000000E+0003	 1.36218821732050E+0005
 1.54900000000000E+0003	 1.36409055915595E+0005
 1.55000000000000E+0003	 1.36595430023887E+0005
 1.55100000000000E+0003	 1.36777940898525E+0005
 1.55200000000000E+0003	 1.36956585013050E+0005
 1.55300000000000E+0003	 1.37131359876483E+0005
 1.55400000000000E+0003	 1.37302262383335E+0005
 1.55500000000000E+0003	 1.37469289460043E+0005
 1.55600000000000E+0003	 1.37632438966702E+0005
 1.55700000000000E+0003	 1.37791708543308E+0005
 1.55800000000000E+0003	 1.37947095162497E+0005
 1.55900000000000E+0003	 1.38098595703106E+0005
 1.56000000000000E+0003	 1.38246206932709E+0005
 1.56100000000000E+0003	 1.38389925648677E+0005
 1.56200000000000E+0003	 1.38529748460665E+0005
 1.56300000000000E+0003	 1.38665672330519E+0005
 1.56400000000000E+0003	 1.38797694026205E+0005
 1.56500000000000E+0003	 1.38925810299622E+0005
 1.56600000000000E+0003	 1.39050018050170E+0005
 1.56700000000000E+0003	 1.39170314103684E+0005
 1.56800000000000E+0003	 1.39286695358839E+0005
 1.56900000000000E+0003	 1.39399158590186E+0005
 1.57000000000000E+0003	 1.39508487374052E+0005
 1.57100000000000E+0003	 1.39625404118795E+0005
 1.57200000000000E+0003	 1.39753312801795E+0005
 1.57300000000000E+0003	 1.39892222411891E+0005
 1.57400000000000E+0003	 1.40042141803433E+0005
 1.57500000000000E+0003	 1.40203080088163E+0005
 1.57600000000000E+0003	 1.40375044660772E+0005
 1.57700000000000E+0003	 1.40558042694943E+0005
 1.57800000000000E+0003	 1.40752082711628E+0005
 1.57900000000000E+0003	 1.40957173347372E+0005
 1.58000000000000E+0003	 1.41173323219850E+0005
 1.58100000000000E+0003	 1.41400541133339E+0005
 1.58200000000000E+0003	 1.41638835333176E+0005
 1.58300000000000E+0003	 1.41888214951907E+0005
 1.58400000000000E+0003	 1.42148688625653E+0005
 1.58500000000000E+0003	 1.42418723700424E+0005
 1.58600000000000E+0003	 1.42688734479621E+0005
 1.58700000000000E+0003	 1.42957062889175E+0005
 1.58800000000000E+0003	 1.43223708293751E+0005
 1.58900000000000E+0003	 1.43488669141777E+0005
 1.59000000000000E+0003	 1.43751944074766E+0005
 1.59100000000000E+0003	 1.44013531738617E+0005
 1.59200000000000E+0003	 1.44273430798764E+0005
 1.59300000000000E+0003	 1.44531639968100E+0005
 1.59400000000000E+0003	 1.44788157783237E+0005
 1.59500000000000E+0003	 1.45042982510575E+0005
 1.59600000000000E+0003	 1.45296113350598E+0005
 1.59700000000000E+0003	 1.45547548923357E+0005
 1.59800000000000E+0003	 1.45797287879247E+0005
 1.59900000000000E+0003	 1.46045328938691E+0005
 1.60000000000000E+0003	 1.46292658095387E+0005
 1.60100000000000E+0003	 1.46543516696260E+0005
 1.60200000000000E+0003	 1.46798392737041E+0005
 1.60300000000000E+0003	 1.47057289339698E+0005
 1.60400000000000E+0003	 1.47320189831174E+0005
 1.60500000000000E+0003	 1.47584883481132E+0005
 1.60600000000000E+0003	 1.47849867869459E+0005
 1.60700000000000E+0003	 1.48115158165286E+0005
 1.60800000000000E+0003	 1.48382234970382E+0005
 1.60900000000000E+0003	 1.48652080804434E+0005
 1.61000000000000E+0003	 1.48924697886856E+0005
 1.61100000000000E+0003	 1.49200088504281E+0005
 1.61200000000000E+0003	 1.49478254854926E+0005
 1.61300000000000E+0003	 1.49759198838749E+0005
 1.61400000000000E+0003	 1.50042922925538E+0005
 1.61500000000000E+0003	 1.50329537559894E+0005
 1.61600000000000E+0003	 1.50619468442695E+0005
 1.61700000000000E+0003	 1.50912760870575E+0005
 1.61800000000000E+0003	 1.51209415993349E+0005
 1.61900000000000E+0003	 1.51509434881116E+0005
 1.62000000000000E+0003	 1.51812820248571E+0005
 1.62100000000000E+0003	 1.52119574597622E+0005
 1.62200000000000E+0003	 1.52429717386195E+0005
 1.62300000000000E+0003	 1.52745204135939E+0005
 1.62400000000000E+0003	 1.53067375429024E+0005
 1.62500000000000E+0003	 1.53396236070761E+0005
 1.62600000000000E+0003	 1.53731791679000E+0005
 1.62700000000000E+0003	 1.54074047395213E+0005
 1.62800000000000E+0003	 1.54423008430844E+0005
 1.62900000000000E+0003	 1.54778679898758E+0005
 1.63000000000000E+0003	 1.55141066740878E+0005
 1.63100000000000E+0003	 1.55510174881891E+0005
 1.63200000000000E+0003	 1.55886009276692E+0005
 1.63300000000000E+0003	 1.56268575138025E+0005
 1.63400000000000E+0003	 1.56657877672640E+0005
 1.63500000000000E+0003	 1.57053922108273E+0005
 1.63600000000000E+0003	 1.57456713744825E+0005
 1.63700000000000E+0003	 1.57866258341366E+0005
 1.63800000000000E+0003	 1.58283989500450E+0005
 1.63900000000000E+0003	 1.58711224765989E+0005
 1.64000000000000E+0003	 1.59147971508521E+0005
 1.64100000000000E+0003	 1.59594237134843E+0005
 1.64200000000000E+0003	 1.60050029149198E+0005
 1.64300000000000E+0003	 1.60515354779565E+0005
 1.64400000000000E+0003	 1.60990221715537E+0005
 1.64500000000000E+0003	 1.61474637382389E+0005
 1.64600000000000E+0003	 1.61968609202351E+0005
 1.64700000000000E+0003	 1.62472144607453E+0005
 1.64800000000000E+0003	 1.62985250835720E+0005
 1.64900000000000E+0003	 1.63507935535103E+0005
 1.65000000000000E+0003	 1.64040206164189E+0005
 1.65100000000000E+0003	 1.64582070193563E+0005
 1.65200000000000E+0003	 1.65133535220808E+0005
 1.65300000000000E+0003	 1.65692724839758E+0005
 1.65400000000000E+0003	 1.66256623870753E+0005
 1.65500000000000E+0003	 1.66825196115879E+0005
 1.65600000000000E+0003	 1.67398444916518E+0005
 1.65700000000000E+0003	 1.67976374241678E+0005
 1.65800000000000E+0003	 1.68558987734416E+0005
 1.65900000000000E+0003	 1.69146289047150E+0005
 1.66000000000000E+0003	 1.69738800049678E+0005
 1.66100000000000E+0003	 1.70346251874448E+0005
 1.66200000000000E+0003	 1.70972349637440E+0005
 1.66300000000000E+0003	 1.71617108512741E+0005
 1.66400000000000E+0003	 1.72280543500234E+0005
 1.66500000000000E+0003	 1.72962669740723E+0005
 1.66600000000000E+0003	 1.73663502320938E+0005
 1.66700000000000E+0003	 1.74383056474765E+0005
 1.66800000000000E+0003	 1.75120496968301E+0005
 1.66900000000000E+0003	 1.75872950589754E+0005
 1.67000000000000E+0003	 1.76640191338959E+0005
 1.67100000000000E+0003	 1.77422231223938E+0005
 1.67200000000000E+0003	 1.78219082152534E+0005
 1.67300000000000E+0003	 1.79030755904416E+0005
 1.67400000000000E+0003	 1.79857265236591E+0005
 1.67500000000000E+0003	 1.80698624882892E+0005
 1.67600000000000E+0003	 1.81564363804124E+0005
 1.67700000000000E+0003	 1.82463369526307E+0005
 1.67800000000000E+0003	 1.83395669087776E+0005
 1.67900000000000E+0003	 1.84361289635006E+0005
 1.68000000000000E+0003	 1.85360258109530E+0005
 1.68100000000000E+0003	 1.86392586432669E+0005
 1.68200000000000E+0003	 1.87458285830368E+0005
 1.68300000000000E+0003	 1.88557973723805E+0005
 1.68400000000000E+0003	 1.89698217216073E+0005
 1.68500000000000E+0003	 1.90880856404114E+0005
 1.68600000000000E+0003	 1.92105923041136E+0005
 1.68700000000000E+0003	 1.93373449651713E+0005
 1.68800000000000E+0003	 1.94683468473624E+0005
 1.68900000000000E+0003	 1.96036011710572E+0005
 1.69000000000000E+0003	 1.97431111668697E+0005
 1.69100000000000E+0003	 1.98861670218365E+0005
 1.69200000000000E+0003	 2.00306542195562E+0005
 1.69300000000000E+0003	 2.01764338059220E+0005
 1.69400000000000E+0003	 2.03235067608971E+0005
 1.69500000000000E+0003	 2.04718598540621E+0005
 1.69600000000000E+0003	 2.06190595911497E+0005
 1.69700000000000E+0003	 2.07633212751299E+0005
 1.69800000000000E+0003	 2.09046426339418E+0005
 1.69900000000000E+0003	 2.10420685814585E+0005
 1.70000000000000E+0003	 2.11746617922307E+0005
 1.70100000000000E+0003	 2.13024185773984E+0005
 1.70200000000000E+0003	 2.14253352451399E+0005
 1.70300000000000E+0003	 2.15434080895845E+0005
 1.70400000000000E+0003	 2.16566334153960E+0005
 1.70500000000000E+0003	 2.17650075296060E+0005
 1.70600000000000E+0003	 2.18686635409798E+0005
 1.70700000000000E+0003	 2.19697704137823E+0005
 1.70800000000000E+0003	 2.20690787549752E+0005
 1.70900000000000E+0003	 2.21665871844897E+0005
 1.71000000000000E+0003	 2.22622943312225E+0005
 1.71100000000000E+0003	 2.23561987607129E+0005
 1.71200000000000E+0003	 2.24482991548952E+0005
 1.71300000000000E+0003	 2.25385941297625E+0005
 1.71400000000000E+0003	 2.26272040690492E+0005
 1.71500000000000E+0003	 2.27146761751747E+0005
 1.71600000000000E+0003	 2.28010761275353E+0005
 1.71700000000000E+0003	 2.28864031735748E+0005
 1.71800000000000E+0003	 2.29706564599277E+0005
 1.71900000000000E+0003	 2.30538351617412E+0005
 1.72000000000000E+0003	 2.31359384540693E+0005
 1.72100000000000E+0003	 2.32169655075724E+0005
 1.72200000000000E+0003	 2.32976640049296E+0005
 1.72300000000000E+0003	 2.33794083017226E+0005
 1.72400000000000E+0003	 2.34622288485184E+0005
 1.72500000000000E+0003	 2.35461258235450E+0005
 1.72600000000000E+0003	 2.36310993234553E+0005
 1.72700000000000E+0003	 2.37171501391883E+0005
 1.72800000000000E+0003	 2.38042790751161E+0005
 1.72900000000000E+0003	 2.38924887625844E+0005
 1.73000000000000E+0003	 2.39821605096744E+0005
 1.73100000000000E+0003	 2.40735813850281E+0005
 1.73200000000000E+0003	 2.41667526790125E+0005
 1.73300000000000E+0003	 2.42616756854914E+0005
 1.73400000000000E+0003	 2.43583516678753E+0005
 1.73500000000000E+0003	 2.44567819380933E+0005
 1.73600000000000E+0003	 2.45569677868382E+0005
 1.73700000000000E+0003	 2.46588675162052E+0005
 1.73800000000000E+0003	 2.47617996436057E+0005
 1.73900000000000E+0003	 2.48655284409802E+0005
 1.74000000000000E+0003	 2.49700545048634E+0005
 1.74100000000000E+0003	 2.50753784142919E+0005
 1.74200000000000E+0003	 2.51815007317254E+0005
 1.74300000000000E+0003	 2.52884220857663E+0005
 1.74400000000000E+0003	 2.53961430651912E+0005
 1.74500000000000E+0003	 2.55045347591671E+0005
 1.74600000000000E+0003	 2.56128387197867E+0005
 1.74700000000000E+0003	 2.57209313600827E+0005
 1.74800000000000E+0003	 2.58288125321698E+0005
 1.74900000000000E+0003	 2.59364820849814E+0005
 1.75000000000000E+0003	 2.60439398523099E+0005
 1.75100000000000E+0003	 2.61511856792787E+0005
 1.75200000000000E+0003	 2.62582194037465E+0005
 1.75300000000000E+0003	 2.63655745602800E+0005
 1.75400000000000E+0003	 2.64748306325317E+0005
 1.75500000000000E+0003	 2.65860929181947E+0005
 1.75600000000000E+0003	 2.66993629193075E+0005
 1.75700000000000E+0003	 2.68146421332498E+0005
 1.75800000000000E+0003	 2.69319320449681E+0005
 1.75900000000000E+0003	 2.70512341326180E+0005
 1.76000000000000E+0003	 2.71725499652180E+0005
 1.76100000000000E+0003	 2.72957718555400E+0005
 1.76200000000000E+0003	 2.74207218217087E+0005
 1.76300000000000E+0003	 2.75473985383104E+0005
 1.76400000000000E+0003	 2.76758032915658E+0005
 1.76500000000000E+0003	 2.78059373764170E+0005
 1.76600000000000E+0003	 2.79378020616953E+0005
 1.76700000000000E+0003	 2.80713986132850E+0005
 1.76800000000000E+0003	 2.82067280688658E+0005
 1.76900000000000E+0003	 2.83429184045090E+0005
 1.77000000000000E+0003	 2.84791597067138E+0005
 1.77100000000000E+0003	 2.86154520256589E+0005
 1.77200000000000E+0003	 2.87517953559136E+0005
 1.77300000000000E+0003	 2.88881897721164E+0005
 1.77400000000000E+0003	 2.90246353130205E+0005
 1.77500000000000E+0003	 2.91611320169125E+0005
 1.77600000000000E+0003	 2.92976945803628E+0005
 1.77700000000000E+0003	 2.94350931836879E+0005
 1.77800000000000E+0003	 2.95737644028330E+0005
 1.77900000000000E+0003	 2.97137091874689E+0005
 1.78000000000000E+0003	 2.98549284927099E+0005
 1.78100000000000E+0003	 2.99974232836348E+0005
 1.78200000000000E+0003	 3.01411945227994E+0005
 1.78300000000000E+0003	 3.02862431768751E+0005
 1.78400000000000E+0003	 3.04325701959834E+0005
 1.78500000000000E+0003	 3.05801765142811E+0005
 1.78600000000000E+0003	 3.07290631323952E+0005
 1.78700000000000E+0003	 3.08792310105393E+0005
 1.78800000000000E+0003	 3.10306811107519E+0005
 1.78900000000000E+0003	 3.11834143883127E+0005
 1.79000000000000E+0003	 3.13374318119994E+0005
 1.79100000000000E+0003	 3.14927343610488E+0005
 1.79200000000000E+0003	 3.16493821785973E+0005
 1.79300000000000E+0003	 3.18079944833308E+0005
 1.79400000000000E+0003	 3.19687372414321E+0005
 1.79500000000000E+0003	 3.21316120571593E+0005
 1.79600000000000E+0003	 3.22966205446549E+0005
 1.79700000000000E+0003	 3.24637642648012E+0005
 1.79800000000000E+0003	 3.26330448813217E+0005
 1.79900000000000E+0003	 3.28044640195389E+0005
 1.80000000000000E+0003	 3.29780232998585E+0005
 1.80100000000000E+0003	 3.31537243300262E+0005
 1.80200000000000E+0003	 3.33315687136315E+0005
 1.80300000000000E+0003	 3.35115581423743E+0005
 1.80400000000000E+0003	 3.36936942120860E+0005
 1.80500000000000E+0003	 3.38779785500886E+0005
 1.80600000000000E+0003	 3.40644127863383E+0005
 1.80700000000000E+0003	 3.42529985492257E+0005
 1.80800000000000E+0003	 3.44436970215423E+0005
 1.80900000000000E+0003	 3.46362897191391E+0005
 1.81000000000000E+0003	 3.48307449155475E+0005
 1.81100000000000E+0003	 3.50270640708515E+0005
 1.81200000000000E+0003	 3.52252486023730E+0005
 1.81300000000000E+0003	 3.54252999263689E+0005
 1.81400000000000E+0003	 3.56272194755900E+0005
 1.81500000000000E+0003	 3.58310086247313E+0005
 1.81600000000000E+0003	 3.60366688377801E+0005
 1.81700000000000E+0003	 3.62442004408298E+0005
 1.81800000000000E+0003	 3.64536037326022E+0005
 1.81900000000000E+0003	 3.66648801011386E+0005
 1.82000000000000E+0003	 3.68780309066683E+0005
 1.82100000000000E+0003	 3.70930575556569E+0005
 1.82200000000000E+0003	 3.73099614239713E+0005
 1.82300000000000E+0003	 3.75287439079250E+0005
 1.82400000000000E+0003	 3.77498304194802E+0005
 1.82500000000000E+0003	 3.79749415411022E+0005
 1.82600000000000E+0003	 3.82042626646299E+0005
 1.82700000000000E+0003	 3.84377969083831E+0005
 1.82800000000000E+0003	 3.86755473778641E+0005
 1.82900000000000E+0003	 3.89175172473676E+0005
 1.83000000000000E+0003	 3.91637096520268E+0005
 1.83100000000000E+0003	 3.94141277317523E+0005
 1.83200000000000E+0003	 3.96687746228147E+0005
 1.83300000000000E+0003	 3.99276534762352E+0005
 1.83400000000000E+0003	 4.01907674487053E+0005
 1.83500000000000E+0003	 4.04581197088857E+0005
 1.83600000000000E+0003	 4.07297134116155E+0005
 1.83700000000000E+0003	 4.10055517239539E+0005
 1.83800000000000E+0003	 4.12856378102003E+0005
 1.83900000000000E+0003	 4.15699748431599E+0005
 1.84000000000000E+0003	 4.18586727049930E+0005
 1.84100000000000E+0003	 4.21521559719439E+0005
 1.84200000000000E+0003	 4.24504710670221E+0005
 1.84300000000000E+0003	 4.27536215532751E+0005
 1.84400000000000E+0003	 4.30616109828070E+0005
 1.84500000000000E+0003	 4.33744429012473E+0005
 1.84600000000000E+0003	 4.36921209511928E+0005
 1.84700000000000E+0003	 4.40146486643518E+0005
 1.84800000000000E+0003	 4.43420296391528E+0005
 1.84900000000000E+0003	 4.46742674632008E+0005
 1.85000000000000E+0003	 4.50113657226111E+0005
 1.85100000000000E+0003	 4.53533280153020E+0005
 1.85200000000000E+0003	 4.57001579114918E+0005
 1.85300000000000E+0003	 4.60518589913188E+0005
 1.85400000000000E+0003	 4.64084349029195E+0005
 1.85500000000000E+0003	 4.67698892556212E+0005
 1.85600000000000E+0003	 4.71358842836974E+0005
 1.85700000000000E+0003	 4.75047545439255E+0005
 1.85800000000000E+0003	 4.78762789079996E+0005
 1.85900000000000E+0003	 4.82504593883703E+0005
 1.86000000000000E+0003	 4.86272979468788E+0005
 1.86100000000000E+0003	 4.90067965615222E+0005
 1.86200000000000E+0003	 4.93889572070260E+0005
 1.86300000000000E+0003	 4.97737818326221E+0005
 1.86400000000000E+0003	 5.01613152922853E+0005
 1.86500000000000E+0003	 5.05518453383879E+0005
 1.86600000000000E+0003	 5.09454232926519E+0005
 1.86700000000000E+0003	 5.13420512829045E+0005
 1.86800000000000E+0003	 5.17417314307301E+0005
 1.86900000000000E+0003	 5.21444658196833E+0005
 1.87000000000000E+0003	 5.25502565635561E+0005
 1.87100000000000E+0003	 5.29591057973429E+0005
 1.87200000000000E+0003	 5.33712769765685E+0005
 1.87300000000000E+0003	 5.37889561633526E+0005
 1.87400000000000E+0003	 5.42126377087692E+0005
 1.87500000000000E+0003	 5.46423257798540E+0005
 1.87600000000000E+0003	 5.50780245585672E+0005
 1.87700000000000E+0003	 5.55197382341770E+0005
 1.87800000000000E+0003	 5.59674710080057E+0005
 1.87900000000000E+0003	 5.64212270687549E+0005
 1.88000000000000E+0003	 5.68810857965768E+0005
 1.88100000000000E+0003	 5.73480473703931E+0005
 1.88200000000000E+0003	 5.78224268898076E+0005
 1.88300000000000E+0003	 5.83042294888324E+0005
 1.88400000000000E+0003	 5.87934604015419E+0005
 1.88500000000000E+0003	 5.92901248245675E+0005
 1.88600000000000E+0003	 5.97942279526829E+0005
 1.88700000000000E+0003	 6.03057749711098E+0005
 1.88800000000000E+0003	 6.08248272719809E+0005
 1.88900000000000E+0003	 6.13529417438161E+0005
 1.89000000000000E+0003	 6.18908276516122E+0005
 1.89100000000000E+0003	 6.24384921369577E+0005
 1.89200000000000E+0003	 6.29959423338847E+0005
 1.89300000000000E+0003	 6.35631853786600E+0005
 1.89400000000000E+0003	 6.41402283729338E+0005
 1.89500000000000E+0003	 6.47270785055448E+0005
 1.89600000000000E+0003	 6.53237689328185E+0005
 1.89700000000000E+0003	 6.59337550753329E+0005
 1.89800000000000E+0003	 6.65594660180633E+0005
 1.89900000000000E+0003	 6.72009132564183E+0005
 1.90000000000000E+0003	 6.78581083066138E+0005
 1.90100000000000E+0003	 6.85310626476830E+0005
 1.90200000000000E+0003	 6.92197878606600E+0005
 1.90300000000000E+0003	 6.99242954849804E+0005
 1.90400000000000E+0003	 7.06445970871194E+0005
 1.90500000000000E+0003	 7.13802039427226E+0005
 1.90600000000000E+0003	 7.21305177587572E+0005
 1.90700000000000E+0003	 7.28955478433883E+0005
 1.90800000000000E+0003	 7.36753049906518E+0005
 1.90900000000000E+0003	 7.44698000122554E+0005
 1.91000000000000E+0003	 7.52790437400071E+0005
 1.91100000000000E+0003	 7.61030470093350E+0005
 1.91200000000000E+0003	 7.69418206267769E+0005
 1.91300000000000E+0003	 7.77982542012427E+0005
 1.91400000000000E+0003	 7.86785759521584E+0005
 1.91500000000000E+0003	 7.95830142645541E+0005
 1.91600000000000E+0003	 8.05115861656496E+0005
 1.91700000000000E+0003	 8.14643087022533E+0005
 1.91800000000000E+0003	 8.24411988775457E+0005
 1.91900000000000E+0003	 8.34422738678209E+0005
 1.92000000000000E+0003	 8.44675507540193E+0005
 1.92100000000000E+0003	 8.55186815326287E+0005
 1.92200000000000E+0003	 8.66022175437196E+0005
 1.92300000000000E+0003	 8.77188618114450E+0005
 1.92400000000000E+0003	 8.88686377416720E+0005
 1.92500000000000E+0003	 9.00515688381224E+0005
 1.92600000000000E+0003	 9.12676785572189E+0005
 1.92700000000000E+0003	 9.25169904744212E+0005
 1.92800000000000E+0003	 9.37995281476187E+0005
 1.92900000000000E+0003	 9.51145157288463E+0005
 1.93000000000000E+0003	 9.64549498464117E+0005
 1.93100000000000E+0003	 9.78192055903994E+0005
 1.93200000000000E+0003	 9.92072999800291E+0005
 1.93300000000000E+0003	 1.00619249889225E+0006
 1.93400000000000E+0003	 1.02055072292041E+0006
 1.93500000000000E+0003	 1.03514784164796E+0006
 1.93600000000000E+0003	 1.04998402496434E+0006
 1.93700000000000E+0003	 1.06505631787125E+0006
 1.93800000000000E+0003	 1.08025787870410E+0006
 1.93900000000000E+0003	 1.09553618385569E+0006
 1.94000000000000E+0003	 1.11089128841294E+0006
 1.94100000000000E+0003	 1.12632324710383E+0006
 1.94200000000000E+0003	 1.14183211469103E+0006
 1.94300000000000E+0003	 1.15741794498250E+0006
 1.94400000000000E+0003	 1.17308079341252E+0006
 1.94500000000000E+0003	 1.18882071552556E+0006
 1.94600000000000E+0003	 1.20454134393227E+0006
 1.94700000000000E+0003	 1.22013166426851E+0006
 1.94800000000000E+0003	 1.23559144888937E+0006
 1.94900000000000E+0003	 1.25092060456043E+0006
 1.95000000000000E+0003	 1.26611903759088E+0006
 1.95100000000000E+0003	 1.28118665448309E+0006
 1.95200000000000E+0003	 1.29612336170012E+0006
 1.95300000000000E+0003	 1.31092906568269E+0006
 1.95400000000000E+0003	 1.32559370753006E+0006
 1.95500000000000E+0003	 1.34008973891215E+0006
 1.95600000000000E+0003	 1.35441545423050E+0006
 1.95700000000000E+0003	 1.36857073183193E+0006
 1.95800000000000E+0003	 1.38255544991805E+0006
 1.95900000000000E+0003	 1.39636948611656E+0006
 1.96000000000000E+0003	 1.41001271793931E+0006
 1.96100000000000E+0003	 1.42348502214696E+0006
 1.96200000000000E+0003	 1.43680081499429E+0006
 1.96300000000000E+0003	 1.45006819277260E+0006
 1.96400000000000E+0003	 1.46330911701607E+0006
 1.96500000000000E+0003	 1.47652356938352E+0006
 1.96600000000000E+0003	 1.48971153159922E+0006
 1.96700000000000E+0003	 1.50287298491164E+0006
 1.96800000000000E+0003	 1.51600791047676E+0006
 1.96900000000000E+0003	 1.52911628983305E+0006
 1.97000000000000E+0003	 1.54219917586553E+0006
 1.97100000000000E+0003	 1.55530784268493E+0006
 1.97200000000000E+0003	 1.56846394194293E+0006
 1.97300000000000E+0003	 1.58162848045365E+0006
 1.97400000000000E+0003	 1.59479506126642E+0006
 1.97500000000000E+0003	 1.60796368678875E+0006
 1.97600000000000E+0003	 1.62113435779948E+0006
 1.97700000000000E+0003	 1.63430707590111E+0006
 1.97800000000000E+0003	 1.64748184254800E+0006
 1.97900000000000E+0003	 1.66067229633753E+0006
 1.98000000000000E+0003	 1.67390125402356E+0006
 1.98100000000000E+0003	 1.68716909893401E+0006
 1.98200000000000E+0003	 1.70047585801144E+0006
 1.98300000000000E+0003	 1.71382155874487E+0006
 1.98400000000000E+0003	 1.72720622822516E+0006
 1.98500000000000E+0003	 1.74062989354369E+0006
 1.98600000000000E+0003	 1.75409258080623E+0006
 1.98700000000000E+0003	 1.76759499250039E+0006
 1.98800000000000E+0003	 1.78114060861853E+0006
 1.98900000000000E+0003	 1.79472987761010E+0006
 1.99000000000000E+0003	 1.80836276165525E+0006
 1.99100000000000E+0003	 1.82203929030519E+0006
 1.99200000000000E+0003	 1.83575949317809E+0006
 1.99300000000000E+0003	 1.84952339795532E+0006
 1.99400000000000E+0003	 1.86333103507883E+0006
 1.99500000000000E+0003	 1.87718076134439E+0006
 1.99600000000000E+0003	 1.89101932034736E+0006
 1.99700000000000E+0003	 1.90482121014701E+0006
 1.99800000000000E+0003	 1.91858640548027E+0006
 1.99900000000000E+0003	 1.93231488105510E+0006
 2.00000000000000E+0003	 1.94600661232693E+0006
 2.00100000000000E+0003	 1.95966157471343E+0006
 2.00200000000000E+0003	 1.97327974316426E+0006
 2.00300000000000E+0003	 1.98686109261886E+0006
 2.00400000000000E+0003	 2.00037661809687E+0006
 2.00500000000000E+0003	 2.01377574560512E+0006
 2.00600000000000E+0003	 2.02705747734749E+0006
 2.00700000000000E+0003	 2.04022173424944E+0006
 2.00800000000000E+0003	 2.05326843636404E+0006
 2.00900000000000E+0003	 2.06619750360117E+0006
 2.01000000000000E+0003	 2.07900885533412E+0006
 2.01100000000000E+0003	 2.09170241078815E+0006
 2.01200000000000E+0003	 2.10427639178560E+0006
 2.01300000000000E+0003	 2.11671952964616E+0006
 2.01400000000000E+0003	 2.12902969281274E+0006
 2.01500000000000E+0003	 2.14120685163629E+0006
 2.01600000000000E+0003	 2.15325097374525E+0006
 2.01700000000000E+0003	 2.16516196570142E+0006
 2.01800000000000E+0003	 2.17693973481852E+0006
 2.01900000000000E+0003	 2.18858418549046E+0006
 2.02000000000000E+0003	 2.20009521717277E+0006
 2.02100000000000E+0003	 2.21147144683420E+0006
 2.02200000000000E+0003	 2.22271185161329E+0006
 2.02300000000000E+0003	 2.23381633455857E+0006
 2.02400000000000E+0003	 2.24478480069984E+0006
 2.02500000000000E+0003	 2.25561715399127E+0006
 2.02600000000000E+0003	 2.26631329881110E+0006
 2.02700000000000E+0003	 2.27687313900373E+0006
 2.02800000000000E+0003	 2.28729657828388E+0006
 2.02900000000000E+0003	 2.29765559604350E+0006
 2.03000000000000E+0003	 2.30791404448718E+0006
 2.03100000000000E+0003	 2.31794106197564E+0006
 2.03200000000000E+0003	 2.32773648491798E+0006
 2.03300000000000E+0003	 2.33730014944808E+0006
 2.03400000000000E+0003	 2.34663189143084E+0006
 2.03500000000000E+0003	 2.35573154671504E+0006
 2.03600000000000E+0003	 2.36459894902234E+0006
 2.03700000000000E+0003	 2.37323687009310E+0006
 2.03800000000000E+0003	 2.38170746672207E+0006
 2.03900000000000E+0003	 2.39003569492313E+0006
 2.04000000000000E+0003	 2.39822145376531E+0006
 2.04100000000000E+0003	 2.40626460103282E+0006
 2.04200000000000E+0003	 2.41416499655771E+0006
 2.04300000000000E+0003	 2.42192254228998E+0006
 2.04400000000000E+0003	 2.42953714006916E+0006
 2.04500000000000E+0003	 2.43700869227602E+0006
 2.04600000000000E+0003	 2.44433396838556E+0006
 2.04700000000000E+0003	 2.45150666725371E+0006
 2.04800000000000E+0003	 2.45852651664131E+0006
 2.04900000000000E+0003	 2.46539340971134E+0006
 2.05000000000000E+0003	 2.47210724159420E+0006
 2.05100000000000E+0003	 2.47866790652352E+0006
 2.05200000000000E+0003	 2.48507529855934E+0006
 2.05300000000000E+0003	 2.49132931119746E+0006
 2.05400000000000E+0003	 2.49743147028953E+0006
 2.05500000000000E+0003	 2.50340086369537E+0006
 2.05600000000000E+0003	 2.50924293689077E+0006
 2.05700000000000E+0003	 2.51495760172920E+0006
 2.05800000000000E+0003	 2.52054476986523E+0006
 2.05900000000000E+0003	 2.52600435224787E+0006
 2.06000000000000E+0003	 2.53133626061077E+0006
 2.06100000000000E+0003	 2.53654040735458E+0006
 2.06200000000000E+0003	 2.54161670196772E+0006
 2.06300000000000E+0003	 2.54658229775162E+0006
 2.06400000000000E+0003	 2.55146457129595E+0006
 2.06500000000000E+0003	 2.55626381643644E+0006
 2.06600000000000E+0003	 2.56097997425728E+0006
 2.06700000000000E+0003	 2.56561295803295E+0006
 2.06800000000000E+0003	 2.57016268160400E+0006
 2.06900000000000E+0003	 2.57462908961420E+0006
 2.07000000000000E+0003	 2.57901212622062E+0006
 2.07100000000000E+0003	 2.58331110547038E+0006
 2.07200000000000E+0003	 2.58751955662179E+0006
 2.07300000000000E+0003	 2.59163574326464E+0006
 2.07400000000000E+0003	 2.59565960417753E+0006
 2.07500000000000E+0003	 2.59959107744992E+0006
 2.07600000000000E+0003	 2.60343010100774E+0006
 2.07700000000000E+0003	 2.60717661261767E+0006
 2.07800000000000E+0003	 2.61083055013520E+0006
 2.07900000000000E+0003	 2.61439184942633E+0006
 2.08000000000000E+0003	 2.61787654063333E+0006
 2.08100000000000E+0003	 2.62131092602437E+0006
 2.08200000000000E+0003	 2.62469535116450E+0006
 2.08300000000000E+0003	 2.62802978245611E+0006
 2.08400000000000E+0003	 2.63131418542061E+0006
 2.08500000000000E+0003	 2.63454852634584E+0006
 2.08600000000000E+0003	 2.63773277195260E+0006
 2.08700000000000E+0003	 2.64086688886517E+0006
 2.08800000000000E+0003	 2.64395107028718E+0006
 2.08900000000000E+0003	 2.64698816122592E+0006
 2.09000000000000E+0003	 2.64997900452869E+0006
 2.09100000000000E+0003	 2.65292357005019E+0006
 2.09200000000000E+0003	 2.65582182536633E+0006
 2.09300000000000E+0003	 2.65867374003967E+0006
 2.09400000000000E+0003	 2.66147926892543E+0006
 2.09500000000000E+0003	 2.66423836745920E+0006
 2.09600000000000E+0003	 2.66695100473914E+0006
 2.09700000000000E+0003	 2.66962306024921E+0006
 2.09800000000000E+0003	 2.67226716863141E+0006
 2.09900000000000E+0003	 2.67488373552146E+0006
 2.10000000000000E+0003	 2.67747274295436E+0006
 2.10100000000000E+0003	 2.68003417287656E+0006
 2.10200000000000E+0003	 2.68256800653195E+0006
 2.10300000000000E+0003	 2.68507422598591E+0006
 2.10400000000000E+0003	 2.68755281408110E+0006
 2.10500000000000E+0003	 2.69000371951823E+0006
 2.10600000000000E+0003	 2.69242608421362E+0006
 2.10700000000000E+0003	 2.69481951322648E+0006
 2.10800000000000E+0003	 2.69718398712667E+0006
 2.10900000000000E+0003	 2.69951948565378E+0006
 2.11000000000000E+0003	 2.70182599041117E+0006
 2.11100000000000E+0003	 2.70410348220564E+0006
 2.11200000000000E+0003	 2.70635194243080E+0006
 2.11300000000000E+0003	 2.70857135196160E+0006
 2.11400000000000E+0003	 2.71076600092175E+0006
 2.11500000000000E+0003	 2.71295119496968E+0006
 2.11600000000000E+0003	 2.71512828136158E+0006
 2.11700000000000E+0003	 2.71729725545472E+0006
 2.11800000000000E+0003	 2.71945811198336E+0006
 2.11900000000000E+0003	 2.72161084556934E+0006
 2.12000000000000E+0003	 2.72375545072464E+0006
 2.12100000000000E+0003	 2.72589191977797E+0006
 2.12200000000000E+0003	 2.72802025991366E+0006
 2.12300000000000E+0003	 2.73015118021102E+0006
 2.12400000000000E+0003	 2.73229382043699E+0006
 2.12500000000000E+0003	 2.73444818903307E+0006
 2.12600000000000E+0003	 2.73661429377304E+0006
 2.12700000000000E+0003	 2.73879214161420E+0006
 2.12800000000000E+0003	 2.74098174026603E+0006
 2.12900000000000E+0003	 2.74318309793432E+0006
 2.13000000000000E+0003	 2.74539622277599E+0006
 2.13100000000000E+0003	 2.74761976250338E+0006
 2.13200000000000E+0003	 2.74984239911214E+0006
 2.13300000000000E+0003	 2.75206159714483E+0006
 2.13400000000000E+0003	 2.75427735537403E+0006
 2.13500000000000E+0003	 2.75648967041740E+0006
 2.13600000000000E+0003	 2.75869854079267E+0006
 2.13700000000000E+0003	 2.76090396427720E+0006
 2.13800000000000E+0003	 2.76310593866193E+0006
 2.13900000000000E+0003	 2.76530446125856E+0006
 2.14000000000000E+0003	 2.76750425229333E+0006
 2.14100000000000E+0003	 2.76971546472597E+0006
 2.14200000000000E+0003	 2.77193844925747E+0006
 2.14300000000000E+0003	 2.77417321381180E+0006
 2.14400000000000E+0003	 2.77641976626573E+0006
 2.14500000000000E+0003	 2.77867811382424E+0006
 2.14600000000000E+0003	 2.78094826448993E+0006
 2.14700000000000E+0003	 2.78323022711938E+0006
 2.14800000000000E+0003	 2.78552403549926E+0006
 2.14900000000000E+0003	 2.78783156331970E+0006
 2.15000000000000E+0003	 2.79015394627167E+0006
 2.15100000000000E+0003	 2.79249119350796E+0006
 2.15200000000000E+0003	 2.79484331349732E+0006
 2.15300000000000E+0003	 2.79721031651114E+0006
 2.15400000000000E+0003	 2.79959221197401E+0006
 2.15500000000000E+0003	 2.80198901008464E+0006
 2.15600000000000E+0003	 2.80440072056127E+0006
 2.15700000000000E+0003	 2.80682735231743E+0006
 2.15800000000000E+0003	 2.80926891433655E+0006
 2.15900000000000E+0003	 2.81172541690514E+0006
 2.16000000000000E+0003	 2.81419687039705E+0006
 2.16100000000000E+0003	 2.81668323198860E+0006
 2.16200000000000E+0003	 2.81918445700090E+0006
 2.16300000000000E+0003	 2.82170055493114E+0006
 2.16400000000000E+0003	 2.82423153539665E+0006
 2.16500000000000E+0003	 2.82677740627393E+0006
 2.16600000000000E+0003	 2.82933817774866E+0006
 2.16700000000000E+0003	 2.83191385966931E+0006
 2.16800000000000E+0003	 2.83450446246193E+0006
 2.16900000000000E+0003	 2.83710999585407E+0006
 2.17000000000000E+0003	 2.83973046878365E+0006
 2.17100000000000E+0003	 2.84236589087122E+0006
 2.17200000000000E+0003	 2.84501627227769E+0006
 2.17300000000000E+0003	 2.84768162312126E+0006
 2.17400000000000E+0003	 2.85036197848795E+0006
 2.17500000000000E+0003	 2.85306282281782E+0006
 2.17600000000000E+0003	 2.85578834522710E+0006
 2.17700000000000E+0003	 2.85853856275785E+0006
 2.17800000000000E+0003	 2.86131349042771E+0006
 2.17900000000000E+0003	 2.86411314484214E+0006
 2.18000000000000E+0003	 2.86693754233540E+0006
 2.18100000000000E+0003	 2.86978669910201E+0006
 2.18200000000000E+0003	 2.87266063086062E+0006
 2.18300000000000E+0003	 2.87555935281565E+0006
 2.18400000000000E+0003	 2.87848288122102E+0006
 2.18500000000000E+0003	 2.88143123331970E+0006
 2.18600000000000E+0003	 2.88440442540956E+0006
 2.18700000000000E+0003	 2.88740247377018E+0006
 2.18800000000000E+0003	 2.89042539402439E+0006
 2.18900000000000E+0003	 2.89347320253894E+0006
 2.19000000000000E+0003	 2.89654591660590E+0006
 2.19100000000000E+0003	 2.89964355078775E+0006
 2.19200000000000E+0003	 2.90277062953659E+0006
 2.19300000000000E+0003	 2.90594518097552E+0006
 2.19400000000000E+0003	 2.90916911030787E+0006
 2.19500000000000E+0003	 2.91244244872925E+0006
 2.19600000000000E+0003	 2.91576522919008E+0006
 2.19700000000000E+0003	 2.91913748385073E+0006
 2.19800000000000E+0003	 2.92255924568335E+0006
 2.19900000000000E+0003	 2.92603054719905E+0006
 2.20000000000000E+0003	 2.92955142014268E+0006
 2.20100000000000E+0003	 2.93312189632058E+0006
 2.20200000000000E+0003	 2.93674200884071E+0006
 2.20300000000000E+0003	 2.94041179095613E+0006
 2.20400000000000E+0003	 2.94413127535875E+0006
 2.20500000000000E+0003	 2.94790047335503E+0006
 2.20600000000000E+0003	 2.95171939529335E+0006
 2.20700000000000E+0003	 2.95558807265594E+0006
 2.20800000000000E+0003	 2.95950653529355E+0006
 2.20900000000000E+0003	 2.96347487063548E+0006
 2.21000000000000E+0003	 2.96750461596067E+0006
 2.21100000000000E+0003	 2.97160449058891E+0006
 2.21200000000000E+0003	 2.97577453920316E+0006
 2.21300000000000E+0003	 2.98001480564506E+0006
 2.21400000000000E+0003	 2.98432533439390E+0006
 2.21500000000000E+0003	 2.98870617054697E+0006
 2.21600000000000E+0003	 2.99315735919669E+0006
 2.21700000000000E+0003	 2.99767894602774E+0006
 2.21800000000000E+0003	 3.00227097468740E+0006
 2.21900000000000E+0003	 3.00693348921842E+0006
 2.22000000000000E+0003	 3.01166653542963E+0006
 2.22100000000000E+0003	 3.01647015725687E+0006
 2.22200000000000E+0003	 3.02134439993248E+0006
 2.22300000000000E+0003	 3.02628930882547E+0006
 2.22400000000000E+0003	 3.03130492909711E+0006
 2.22500000000000E+0003	 3.03639130542403E+0006
 2.22600000000000E+0003	 3.04154848202637E+0006
 2.22700000000000E+0003	 3.04677923252349E+0006
 2.22800000000000E+0003	 3.05210211617480E+0006
 2.22900000000000E+0003	 3.05752066368980E+0006
 2.23000000000000E+0003	 3.06303493622586E+0006
 2.23100000000000E+0003	 3.06864499433364E+0006
 2.23200000000000E+0003	 3.07435089928126E+0006
 2.23300000000000E+0003	 3.08015271337572E+0006
 2.23400000000000E+0003	 3.08605049624496E+0006
 2.23500000000000E+0003	 3.09204431018567E+0006
 2.23600000000000E+0003	 3.09813421722137E+0006
 2.23700000000000E+0003	 3.10432027841201E+0006
 2.23800000000000E+0003	 3.11060255423897E+0006
 2.23900000000000E+0003	 3.11698110688421E+0006
 2.24000000000000E+0003	 3.12345599780528E+0006
 2.24100000000000E+0003	 3.13002728932124E+0006
 2.24200000000000E+0003	 3.13669504330836E+0006
 2.24300000000000E+0003	 3.14345932092760E+0006
 2.24400000000000E+0003	 3.15032018339083E+0006
 2.24500000000000E+0003	 3.15727208300141E+0006
 2.24600000000000E+0003	 3.16430334520281E+0006
 2.24700000000000E+0003	 3.17141365235298E+0006
 2.24800000000000E+0003	 3.17860305512030E+0006
 2.24900000000000E+0003	 3.18587160426957E+0006
 2.25000000000000E+0003	 3.19321935061332E+0006
 2.25100000000000E+0003	 3.20064634342996E+0006
 2.25200000000000E+0003	 3.20815263404157E+0006
 2.25300000000000E+0003	 3.21573827343280E+0006
 2.25400000000000E+0003	 3.22340331349853E+0006
 2.25500000000000E+0003	 3.23114780551749E+0006
 2.25600000000000E+0003	 3.23897179995670E+0006
 2.25700000000000E+0003	 3.24687534783588E+0006
 2.25800000000000E+0003	 3.25485850085483E+0006
 2.25900000000000E+0003	 3.26292131072100E+0006
 2.26000000000000E+0003	 3.27106382970712E+0006
 2.26100000000000E+0003	 3.27928610817083E+0006
 2.26200000000000E+0003	 3.28758827022578E+0006
 2.26300000000000E+0003	 3.29600019565708E+0006
 2.26400000000000E+0003	 3.30454635330511E+0006
 2.26500000000000E+0003	 3.31322682742564E+0006
 2.26600000000000E+0003	 3.32204170252427E+0006
 2.26700000000000E+0003	 3.33099106292848E+0006
 2.26800000000000E+0003	 3.34007499216451E+0006
 2.26900000000000E+0003	 3.34929357386748E+0006
 2.27000000000000E+0003	 3.35864689254523E+0006
 2.27100000000000E+0003	 3.36813503389827E+0006
 2.27200000000000E+0003	 3.37775808259354E+0006
 2.27300000000000E+0003	 3.38751612339332E+0006
 2.27400000000000E+0003	 3.39740924048192E+0006
 2.27500000000000E+0003	 3.40743751870931E+0006
 2.27600000000000E+0003	 3.41760104405678E+0006
 2.27700000000000E+0003	 3.42789989992333E+0006
 2.27800000000000E+0003	 3.43833417221995E+0006
 2.27900000000000E+0003	 3.44890394676193E+0006
 2.28000000000000E+0003	 3.45961078411103E+0006
 2.28100000000000E+0003	 3.47049029223569E+0006
 2.28200000000000E+0003	 3.48155772121389E+0006
 2.28300000000000E+0003	 3.49281318914291E+0006
 2.28400000000000E+0003	 3.50425681504564E+0006
 2.28500000000000E+0003	 3.51588871755267E+0006
 2.28600000000000E+0003	 3.52770901465529E+0006
 2.28700000000000E+0003	 3.53971782440721E+0006
 2.28800000000000E+0003	 3.55191526618294E+0006
 2.28900000000000E+0003	 3.56430145967392E+0006
 2.29000000000000E+0003	 3.57687652410794E+0006
 2.29100000000000E+0003	 3.58964057863127E+0006
 2.29200000000000E+0003	 3.60259367440500E+0006
 2.29300000000000E+0003	 3.61573585896063E+0006
 2.29400000000000E+0003	 3.62906724681810E+0006
 2.29500000000000E+0003	 3.64258795392573E+0006
 2.29600000000000E+0003	 3.65629809594255E+0006
 2.29700000000000E+0003	 3.67019778890915E+0006
 2.29800000000000E+0003	 3.68428909268747E+0006
 2.29900000000000E+0003	 3.69859473371785E+0006
 2.30000000000000E+0003	 3.71312131910866E+0006
 2.30100000000000E+0003	 3.72786898452099E+0006
 2.30200000000000E+0003	 3.74283786570497E+0006
 2.30300000000000E+0003	 3.75802809900906E+0006
 2.30400000000000E+0003	 3.77343981908581E+0006
 2.30500000000000E+0003	 3.78907316075296E+0006
 2.30600000000000E+0003	 3.80492826049322E+0006
 2.30700000000000E+0003	 3.82099613549276E+0006
 2.30800000000000E+0003	 3.83718624166928E+0006
 2.30900000000000E+0003	 3.85347537260905E+0006
 2.31000000000000E+0003	 3.86986358962401E+0006
 2.31100000000000E+0003	 3.88635095299084E+0006
 2.31200000000000E+0003	 3.90293752289568E+0006
 2.31300000000000E+0003	 3.91962336022727E+0006
 2.31400000000000E+0003	 3.93640852726312E+0006
 2.31500000000000E+0003	 3.95329308512238E+0006
 2.31600000000000E+0003	 3.97025882096080E+0006
 2.31700000000000E+0003	 3.98713589408986E+0006
 2.31800000000000E+0003	 4.00388276328513E+0006
 2.31900000000000E+0003	 4.02049934951109E+0006
 2.32000000000000E+0003	 4.03698557112624E+0006
 2.32100000000000E+0003	 4.05334134856985E+0006
 2.32200000000000E+0003	 4.06956660113102E+0006
 2.32300000000000E+0003	 4.08566124862759E+0006
 2.32400000000000E+0003	 4.10162520998387E+0006
 2.32500000000000E+0003	 4.11747501424278E+0006
 2.32600000000000E+0003	 4.13336721967633E+0006
 2.32700000000000E+0003	 4.14934051636301E+0006
 2.32800000000000E+0003	 4.16539495445969E+0006
 2.32900000000000E+0003	 4.18153058344762E+0006
 2.33000000000000E+0003	 4.19774745275289E+0006
 2.33100000000000E+0003	 4.21404561301580E+0006
 2.33200000000000E+0003	 4.23042511518489E+0006
 2.33300000000000E+0003	 4.24688600970153E+0006
 2.33400000000000E+0003	 4.26342985739189E+0006
 2.33500000000000E+0003	 4.28007249113565E+0006
 2.33600000000000E+0003	 4.29681817027707E+0006
 2.33700000000000E+0003	 4.31366695768365E+0006
 2.33800000000000E+0003	 4.33061891747043E+0006
 2.33900000000000E+0003	 4.34767411349958E+0006
 2.34000000000000E+0003	 4.36483261001690E+0006
 2.34100000000000E+0003	 4.38209447139445E+0006
 2.34200000000000E+0003	 4.39945976152134E+0006
 2.34300000000000E+0003	 4.41692854421571E+0006
 2.34400000000000E+0003	 4.43450088418188E+0006
 2.34500000000000E+0003	 4.45217684603542E+0006
 2.34600000000000E+0003	 4.46995649495444E+0006
 2.34700000000000E+0003	 4.48783989449719E+0006
 2.34800000000000E+0003	 4.50582710812864E+0006
 2.34900000000000E+0003	 4.52391820092898E+0006
 2.35000000000000E+0003	 4.54211323696232E+0006
 2.35100000000000E+0003	 4.56041228089706E+0006
 2.35200000000000E+0003	 4.57881574583365E+0006
 2.35300000000000E+0003	 4.59733149557745E+0006
 2.35400000000000E+0003	 4.61596251385608E+0006
 2.35500000000000E+0003	 4.63470886939707E+0006
 2.35600000000000E+0003	 4.65357063148660E+0006
 2.35700000000000E+0003	 4.67254787022418E+0006
 2.35800000000000E+0003	 4.69164065556783E+0006
 2.35900000000000E+0003	 4.71084905780667E+0006
 2.36000000000000E+0003	 4.73017314615744E+0006
 2.36100000000000E+0003	 4.74961299032009E+0006
 2.36200000000000E+0003	 4.76916866119918E+0006
 2.36300000000000E+0003	 4.78884022736951E+0006
 2.36400000000000E+0003	 4.80862775932874E+0006
 2.36500000000000E+0003	 4.82853132688201E+0006
 2.36600000000000E+0003	 4.84855100024225E+0006
 2.36700000000000E+0003	 4.86868684904424E+0006
 2.36800000000000E+0003	 4.88893894402126E+0006
 2.36900000000000E+0003	 4.90930735451984E+0006
 2.37000000000000E+0003	 4.92979159959820E+0006
 2.37100000000000E+0003	 4.95034145756811E+0006
 2.37200000000000E+0003	 4.97092422926786E+0006
 2.37300000000000E+0003	 4.99153993390746E+0006
 2.37400000000000E+0003	 5.01218859184090E+0006
 2.37500000000000E+0003	 5.03287022376135E+0006
 2.37600000000000E+0003	 5.05358484984263E+0006
 2.37700000000000E+0003	 5.07433249004235E+0006
 2.37800000000000E+0003	 5.09511316399317E+0006
 2.37900000000000E+0003	 5.11592689087407E+0006
 2.38000000000000E+0003	 5.13676434475931E+0006
 2.38100000000000E+0003	 5.15761644901155E+0006
 2.38200000000000E+0003	 5.17848321094635E+0006
 2.38300000000000E+0003	 5.19936464124674E+0006
 2.38400000000000E+0003	 5.22026074948149E+0006
 2.38500000000000E+0003	 5.24117154449857E+0006
 2.38600000000000E+0003	 5.26209703483673E+0006
 2.38700000000000E+0003	 5.28303723002811E+0006
 2.38800000000000E+0003	 5.30399213934829E+0006
 2.38900000000000E+0003	 5.32494024023017E+0006
 2.39000000000000E+0003	 5.34584783970785E+0006
 2.39100000000000E+0003	 5.36671451146283E+0006
 2.39200000000000E+0003	 5.38754023112257E+0006
 2.39300000000000E+0003	 5.40832497339895E+0006
 2.39400000000000E+0003	 5.42906871331052E+0006
 2.39500000000000E+0003	 5.44977142541156E+0006
 2.39600000000000E+0003	 5.47043308554797E+0006
 2.39700000000000E+0003	 5.49105366831389E+0006
 2.39800000000000E+0003	 5.51163314799623E+0006
 2.39900000000000E+0003	 5.53217149918902E+0006
 2.40000000000000E+0003	 5.55266869751838E+0006
 2.40100000000000E+0003	 5.57312471809593E+0006
 2.40200000000000E+0003	 5.59353953648954E+0006
 2.40300000000000E+0003	 5.61391312706216E+0006
 2.40400000000000E+0003	 5.63424546447768E+0006
 2.40500000000000E+0003	 5.65453652457218E+0006
 2.40600000000000E+0003	 5.67478628091385E+0006
 2.40700000000000E+0003	 5.69497327158042E+0006
 2.40800000000000E+0003	 5.71500090085836E+0006
 2.40900000000000E+0003	 5.73485735263538E+0006
 2.41000000000000E+0003	 5.75454252166340E+0006
 2.41100000000000E+0003	 5.77405630350547E+0006
 2.41200000000000E+0003	 5.79339859227219E+0006
 2.41300000000000E+0003	 5.81256928397345E+0006
 2.41400000000000E+0003	 5.83156818284121E+0006
 2.41500000000000E+0003	 5.85039509452499E+0006
 2.41600000000000E+0003	 5.86904991610688E+0006
 2.41700000000000E+0003	 5.88753254566144E+0006
 2.41800000000000E+0003	 5.90584288155412E+0006
 2.41900000000000E+0003	 5.92398082075545E+0006
 2.42000000000000E+0003	 5.94194626099528E+0006
 2.42100000000000E+0003	 5.95973909973204E+0006
 2.42200000000000E+0003	 5.97735923382975E+0006
 2.42300000000000E+0003	 5.99480655967644E+0006
 2.42400000000000E+0003	 6.01208097446335E+0006
 2.42500000000000E+0003	 6.02918102067661E+0006
 2.42600000000000E+0003	 6.04606193351895E+0006
 2.42700000000000E+0003	 6.06270192184695E+0006
 2.42800000000000E+0003	 6.07910084201714E+0006
 2.42900000000000E+0003	 6.09525854976252E+0006
 2.43000000000000E+0003	 6.11117490182950E+0006
 2.43100000000000E+0003	 6.12684975372296E+0006
 2.43200000000000E+0003	 6.14228296262931E+0006
 2.43300000000000E+0003	 6.15747438391863E+0006
 2.43400000000000E+0003	 6.17242387206192E+0006
 2.43500000000000E+0003	 6.18713128295949E+0006
 2.43600000000000E+0003	 6.20159647169908E+0006
 2.43700000000000E+0003	 6.21581929334561E+0006
 2.43800000000000E+0003	 6.22979960255506E+0006
 2.43900000000000E+0003	 6.24353725501009E+0006
 2.44000000000000E+0003	 6.25703210522716E+0006
 2.44100000000000E+0003	 6.27028400722305E+0006
 2.44200000000000E+0003	 6.28329281504052E+0006
 2.44300000000000E+0003	 6.29605838396323E+0006
 2.44400000000000E+0003	 6.30856391156935E+0006
 2.44500000000000E+0003	 6.32076901083991E+0006
 2.44600000000000E+0003	 6.33267167461569E+0006
 2.44700000000000E+0003	 6.34427172699705E+0006
 2.44800000000000E+0003	 6.35556899318319E+0006
 2.44900000000000E+0003	 6.36656329613948E+0006
 2.45000000000000E+0003	 6.37725445937098E+0006
 2.45100000000000E+0003	 6.38764230687900E+0006
 2.45200000000000E+0003	 6.39772666240457E+0006
 2.45300000000000E+0003	 6.40751676836692E+0006
 2.45400000000000E+0003	 6.41706787114567E+0006
 2.45500000000000E+0003	 6.42638888610342E+0006
 2.45600000000000E+0003	 6.43547968024095E+0006
 2.45700000000000E+0003	 6.44434011947444E+0006
 2.45800000000000E+0003	 6.45297006947899E+0006
 2.45900000000000E+0003	 6.46136939517735E+0006
 2.46000000000000E+0003	 6.46953796235560E+0006
 2.46100000000000E+0003	 6.47747563717032E+0006
 2.46200000000000E+0003	 6.48518449016847E+0006
 2.46300000000000E+0003	 6.49271707638574E+0006
 2.46400000000000E+0003	 6.50009567389384E+0006
 2.46500000000000E+0003	 6.50732019237263E+0006
 2.46600000000000E+0003	 6.51439054109683E+0006
 2.46700000000000E+0003	 6.52130662998455E+0006
 2.46800000000000E+0003	 6.52806836746586E+0006
 2.46900000000000E+0003	 6.53467566474035E+0006
 2.47000000000000E+0003	 6.54112843208962E+0006
 2.47100000000000E+0003	 6.54742657923770E+0006
 2.47200000000000E+0003	 6.55357001512121E+0006
 2.47300000000000E+0003	 6.55955864992845E+0006
 2.47400000000000E+0003	 6.56539239256773E+0006
 2.47500000000000E+0003	 6.57107115258471E+0006
 2.47600000000000E+0003	 6.57659483989139E+0006
 2.47700000000000E+0003	 6.58196336262458E+0006
 2.47800000000000E+0003	 6.58717663021287E+0006
 2.47900000000000E+0003	 6.59223455154961E+0006
 2.48000000000000E+0003	 6.59713703529109E+0006
 2.48100000000000E+0003	 6.60191810866188E+0006
 2.48200000000000E+0003	 6.60669401075449E+0006
 2.48300000000000E+0003	 6.61147437852955E+0006
 2.48400000000000E+0003	 6.61625921395645E+0006
 2.48500000000000E+0003	 6.62104851904137E+0006
 2.48600000000000E+0003	 6.62584229744977E+0006
 2.48700000000000E+0003	 6.63064055030011E+0006
 2.48800000000000E+0003	 6.63544328196255E+0006
 2.48900000000000E+0003	 6.64025049526696E+0006
 2.49000000000000E+0003	 6.64506219257251E+0006
 2.49100000000000E+0003	 6.64987837754457E+0006
 2.49200000000000E+0003	 6.65469905195161E+0006
 2.49300000000000E+0003	 6.65952421790994E+0006
 2.49400000000000E+0003	 6.66435387847777E+0006
 2.49500000000000E+0003	 6.66918803640821E+0006
 2.49600000000000E+0003	 6.67402669406822E+0006
 2.49700000000000E+0003	 6.67886985443760E+0006
 2.49800000000000E+0003	 6.68371751936580E+0006
 2.49900000000000E+0003	 6.68856969242942E+0006
 2.50000000000000E+0003	 6.69347526693923E+0006
 2.50100000000000E+0003	 6.69848376869516E+0006
 2.50200000000000E+0003	 6.70359525821479E+0006
 2.50300000000000E+0003	 6.70880979646082E+0006
 2.50400000000000E+0003	 6.71412744510473E+0006
 2.50500000000000E+0003	 6.71954826426556E+0006
 2.50600000000000E+0003	 6.72507231524432E+0006
 2.50700000000000E+0003	 6.73069965946140E+0006
 2.50800000000000E+0003	 6.73643035762224E+0006
 2.50900000000000E+0003	 6.74226441709260E+0006
 2.51000000000000E+0003	 6.74820184298485E+0006
 2.51100000000000E+0003	 6.75424269140067E+0006
 2.51200000000000E+0003	 6.76038702110611E+0006
 2.51300000000000E+0003	 6.76663489023747E+0006
 2.51400000000000E+0003	 6.77298635612518E+0006
 2.51500000000000E+0003	 6.77944147585205E+0006
 2.51600000000000E+0003	 6.78600030818242E+0006
 2.51700000000000E+0003	 6.79266291035121E+0006
 2.51800000000000E+0003	 6.79942849578623E+0006
 2.51900000000000E+0003	 6.80628118257887E+0006
 2.52000000000000E+0003	 6.81321496508471E+0006
 2.52100000000000E+0003	 6.82022988872891E+0006
 2.52200000000000E+0003	 6.82732599881161E+0006
 2.52300000000000E+0003	 6.83450334023227E+0006
 2.52400000000000E+0003	 6.84176195804355E+0006
 2.52500000000000E+0003	 6.84910189810607E+0006
 2.52600000000000E+0003	 6.85652320535484E+0006
 2.52700000000000E+0003	 6.86402592479422E+0006
 2.52800000000000E+0003	 6.87161010126319E+0006
 2.52900000000000E+0003	 6.87927578139809E+0006
 2.53000000000000E+0003	 6.88702300914998E+0006
 2.53100000000000E+0003	 6.89485183170924E+0006
 2.53200000000000E+0003	 6.90276229495846E+0006
 2.53300000000000E+0003	 6.91075444422049E+0006
 2.53400000000000E+0003	 6.91882832612349E+0006
 2.53500000000000E+0003	 6.92698398570265E+0006
 2.53600000000000E+0003	 6.93522146796867E+0006
 2.53700000000000E+0003	 6.94354283970974E+0006
 2.53800000000000E+0003	 6.95196157297994E+0006
 2.53900000000000E+0003	 6.96048019084418E+0006
 2.54000000000000E+0003	 6.96909875020210E+0006
 2.54100000000000E+0003	 6.97781730644411E+0006
 2.54200000000000E+0003	 6.98663595752054E+0006
 2.54300000000000E+0003	 6.99555480232087E+0006
 2.54400000000000E+0003	 7.00457389880656E+0006
 2.54500000000000E+0003	 7.01369330441404E+0006
 2.54600000000000E+0003	 7.02291307727994E+0006
 2.54700000000000E+0003	 7.03223327680780E+0006
 2.54800000000000E+0003	 7.04165396044367E+0006
 2.54900000000000E+0003	 7.05117518636760E+0006
 2.55000000000000E+0003	 7.06079701341592E+0006
 2.55100000000000E+0003	 7.07051949961796E+0006
 2.55200000000000E+0003	 7.08034270258110E+0006
 2.55300000000000E+0003	 7.09026668079298E+0006
 2.55400000000000E+0003	 7.10029149161334E+0006
 2.55500000000000E+0003	 7.11041719478488E+0006
 2.55600000000000E+0003	 7.12064197603625E+0006
 2.55700000000000E+0003	 7.13095843323052E+0006
 2.55800000000000E+0003	 7.14136584620726E+0006
 2.55900000000000E+0003	 7.15186426938747E+0006
 2.56000000000000E+0003	 7.16245375509102E+0006
 2.56100000000000E+0003	 7.17313435633743E+0006
 2.56200000000000E+0003	 7.18390612707860E+0006
 2.56300000000000E+0003	 7.19476911938391E+0006
 2.56400000000000E+0003	 7.20572338654613E+0006
 2.56500000000000E+0003	 7.21676898202519E+0006
 2.56600000000000E+0003	 7.22790595859078E+0006
 2.56700000000000E+0003	 7.23913436939151E+0006
 2.56800000000000E+0003	 7.25045426817963E+0006
 2.56900000000000E+0003	 7.26186570809006E+0006
 2.57000000000000E+0003	 7.27336874205872E+0006
 2.57100000000000E+0003	 7.28496342289893E+0006
 2.57200000000000E+0003	 7.29664980610762E+0006
 2.57300000000000E+0003	 7.30842794307163E+0006
 2.57400000000000E+0003	 7.32029788884523E+0006
 2.57500000000000E+0003	 7.33226908707067E+0006
 2.57600000000000E+0003	 7.34437158182874E+0006
 2.57700000000000E+0003	 7.35660767963116E+0006
 2.57800000000000E+0003	 7.36897745564671E+0006
 2.57900000000000E+0003	 7.38148098465706E+0006
 2.58000000000000E+0003	 7.39411834259650E+0006
 2.58100000000000E+0003	 7.40688960538645E+0006
 2.58200000000000E+0003	 7.41979484832433E+0006
 2.58300000000000E+0003	 7.43283414810007E+0006
 2.58400000000000E+0003	 7.44600758038885E+0006
 2.58500000000000E+0003	 7.45931522204628E+0006
 2.58600000000000E+0003	 7.47275714944784E+0006
 2.58700000000000E+0003	 7.48633343872298E+0006
 2.58800000000000E+0003	 7.50004416553443E+0006
 2.58900000000000E+0003	 7.51388940610067E+0006
 2.59000000000000E+0003	 7.52786923806105E+0006
 2.59100000000000E+0003	 7.54198373730399E+0006
 2.59200000000000E+0003	 7.55623297959241E+0006
 2.59300000000000E+0003	 7.57061704244263E+0006
 2.59400000000000E+0003	 7.58513778218510E+0006
 2.59500000000000E+0003	 7.59980107543093E+0006
 2.59600000000000E+0003	 7.61460745104289E+0006
 2.59700000000000E+0003	 7.62955698939699E+0006
 2.59800000000000E+0003	 7.64464977300684E+0006
 2.59900000000000E+0003	 7.65988588413912E+0006
 2.60000000000000E+0003	 7.67526540455821E+0006
 2.60100000000000E+0003	 7.69078841508555E+0006
 2.60200000000000E+0003	 7.70645499904007E+0006
 2.60300000000000E+0003	 7.72226455235997E+0006
 2.60400000000000E+0003	 7.73817199100368E+0006
 2.60500000000000E+0003	 7.75415015804683E+0006
 2.60600000000000E+0003	 7.77019909358762E+0006
 2.60700000000000E+0003	 7.78631883821630E+0006
 2.60800000000000E+0003	 7.80250936485302E+0006
 2.60900000000000E+0003	 7.81877064448225E+0006
 2.61000000000000E+0003	 7.83510271627227E+0006
 2.61100000000000E+0003	 7.85150561978153E+0006
 2.61200000000000E+0003	 7.86797939424073E+0006
 2.61300000000000E+0003	 7.88453161227150E+0006
 2.61400000000000E+0003	 7.90119444216787E+0006
 2.61500000000000E+0003	 7.91797158825941E+0006
 2.61600000000000E+0003	 7.93486311191755E+0006
 2.61700000000000E+0003	 7.95186907797509E+0006
 2.61800000000000E+0003	 7.96898955027631E+0006
 2.61900000000000E+0003	 7.98622459236502E+0006
 2.62000000000000E+0003	 8.00357426879489E+0006
 2.62100000000000E+0003	 8.02103864307204E+0006
 2.62200000000000E+0003	 8.03861777787583E+0006
 2.62300000000000E+0003	 8.05631173742082E+0006
 2.62400000000000E+0003	 8.07412058550758E+0006
 2.62500000000000E+0003	 8.09204438519723E+0006
 2.62600000000000E+0003	 8.11008320135644E+0006
 2.62700000000000E+0003	 8.12823709813948E+0006
 2.62800000000000E+0003	 8.14650614018502E+0006
 2.62900000000000E+0003	 8.16489039208023E+0006
 2.63000000000000E+0003	 8.18338991796031E+0006
 2.63100000000000E+0003	 8.20200478152937E+0006
 2.63200000000000E+0003	 8.22072410207023E+0006
 2.63300000000000E+0003	 8.23946462306349E+0006
 2.63400000000000E+0003	 8.25820904363339E+0006
 2.63500000000000E+0003	 8.27695736495970E+0006
 2.63600000000000E+0003	 8.29570959015988E+0006
 2.63700000000000E+0003	 8.31446572125295E+0006
 2.63800000000000E+0003	 8.33322575860894E+0006
 2.63900000000000E+0003	 8.35198970501140E+0006
 2.64000000000000E+0003	 8.37075756193036E+0006
 2.64100000000000E+0003	 8.38952933236723E+0006
 2.64200000000000E+0003	 8.40830493170485E+0006
 2.64300000000000E+0003	 8.42708427479328E+0006
 2.64400000000000E+0003	 8.44586736255108E+0006
 2.64500000000000E+0003	 8.46465419855578E+0006
 2.64600000000000E+0003	 8.48344478443961E+0006
 2.64700000000000E+0003	 8.50223912122800E+0006
 2.64800000000000E+0003	 8.52103721147386E+0006
 2.64900000000000E+0003	 8.53983905726111E+0006
 2.65000000000000E+0003	 8.55864466076550E+0006
 2.65100000000000E+0003	 8.57745453582766E+0006
 2.65200000000000E+0003	 8.59628220560076E+0006
 2.65300000000000E+0003	 8.61513368233261E+0006
 2.65400000000000E+0003	 8.63400897909546E+0006
 2.65500000000000E+0003	 8.65290810895265E+0006
 2.65600000000000E+0003	 8.67183108360356E+0006
 2.65700000000000E+0003	 8.69077791528523E+0006
 2.65800000000000E+0003	 8.70974861949928E+0006
 2.65900000000000E+0003	 8.72874320648019E+0006
 2.66000000000000E+0003	 8.74776169080238E+0006
 2.66100000000000E+0003	 8.76680408603987E+0006
 2.66200000000000E+0003	 8.78587040502686E+0006
 2.66300000000000E+0003	 8.80496066156118E+0006
 2.66400000000000E+0003	 8.82407486865196E+0006
 2.66500000000000E+0003	 8.84321303796324E+0006
 2.66600000000000E+0003	 8.86237518308823E+0006
 2.66700000000000E+0003	 8.88156131672911E+0006
 2.66800000000000E+0003	 8.90077145133580E+0006
 2.66900000000000E+0003	 8.92000560042927E+0006
 2.67000000000000E+0003	 8.93926377751908E+0006
 2.67100000000000E+0003	 8.95849837904000E+0006
 2.67200000000000E+0003	 8.97764918340904E+0006
 2.67300000000000E+0003	 8.99671594492909E+0006
 2.67400000000000E+0003	 9.01569861745816E+0006
 2.67500000000000E+0003	 9.03459715469174E+0006
 2.67600000000000E+0003	 9.05341152452541E+0006
 2.67700000000000E+0003	 9.07214169331284E+0006
 2.67800000000000E+0003	 9.09078761360800E+0006
 2.67900000000000E+0003	 9.10934924013644E+0006
 2.68000000000000E+0003	 9.12782417324313E+0006
 2.68100000000000E+0003	 9.14616704018081E+0006
 2.68200000000000E+0003	 9.16436038081451E+0006
 2.68300000000000E+0003	 9.18240411250886E+0006
 2.68400000000000E+0003	 9.20029815357315E+0006
 2.68500000000000E+0003	 9.21804242208848E+0006
 2.68600000000000E+0003	 9.23563683651989E+0006
 2.68700000000000E+0003	 9.25308131314840E+0006
 2.68800000000000E+0003	 9.27037577101179E+0006
 2.68900000000000E+0003	 9.28752012727983E+0006
 2.69000000000000E+0003	 9.30449889448591E+0006
 2.69100000000000E+0003	 9.32124436089986E+0006
 2.69200000000000E+0003	 9.33774844782601E+0006
 2.69300000000000E+0003	 9.35401102245210E+0006
 2.69400000000000E+0003	 9.37003195207953E+0006
 2.69500000000000E+0003	 9.38581110275283E+0006
 2.69600000000000E+0003	 9.40134834133191E+0006
 2.69700000000000E+0003	 9.41664353435509E+0006
 2.69800000000000E+0003	 9.43169654859794E+0006
 2.69900000000000E+0003	 9.44650724902425E+0006
 2.70000000000000E+0003	 9.46107550109865E+0006
