 1.00000000000000E+0003	 0.00000000000000E+0000
 1.00100000000000E+0003	 1.11169886968538E+0000
 1.00200000000000E+0003	 2.21360300739989E+0000
 1.00300000000000E+0003	 3.30564332458098E+0000
 1.00400000000000E+0003	 4.38775268857297E+0000
 1.00500000000000E+0003	 5.46166828129803E+0000
 1.00600000000000E+0003	 6.52978590953043E+0000
 1.00700000000000E+0003	 7.59211305016987E+0000
 1.00800000000000E+0003	 8.64864432445202E+0000
 1.00900000000000E+0003	 9.69937435735681E+0000
 1.01000000000000E+0003	 1.07442975264407E+0001
 1.01100000000000E+0003	 1.17834068812305E+0001
 1.01200000000000E+0003	 1.28166969203000E+0001
 1.01300000000000E+0003	 1.38441623059894E+0001
 1.01400000000000E+0003	 1.48657970903703E+0001
 1.01500000000000E+0003	 1.58815945889408E+0001
 1.01600000000000E+0003	 1.68915830832116E+0001
 1.01700000000000E+0003	 1.79124333737195E+0001
 1.01800000000000E+0003	 1.89572285845807E+0001
 1.01900000000000E+0003	 2.00259902752737E+0001
 1.02000000000000E+0003	 2.11187391635924E+0001
 1.02100000000000E+0003	 2.22354986735243E+0001
 1.02200000000000E+0003	 2.33762910632555E+0001
 1.02300000000000E+0003	 2.45411384596598E+0001
 1.02400000000000E+0003	 2.57300615787585E+0001
 1.02500000000000E+0003	 2.69430841005499E+0001
 1.02600000000000E+0003	 2.81802282148989E+0001
 1.02700000000000E+0003	 2.94415161423333E+0001
 1.02800000000000E+0003	 3.07269687056779E+0001
 1.02900000000000E+0003	 3.20366094141985E+0001
 1.03000000000000E+0003	 3.33705180033718E+0001
 1.03100000000000E+0003	 3.47287772595203E+0001
 1.03200000000000E+0003	 3.61114127279022E+0001
 1.03300000000000E+0003	 3.75184504012344E+0001
 1.03400000000000E+0003	 3.89491562549755E+0001
 1.03500000000000E+0003	 4.03625146019117E+0001
 1.03600000000000E+0003	 4.17351087598160E+0001
 1.03700000000000E+0003	 4.30668936981079E+0001
 1.03800000000000E+0003	 4.43578253670985E+0001
 1.03900000000000E+0003	 4.56078588428640E+0001
 1.04000000000000E+0003	 4.68169485914458E+0001
 1.04100000000000E+0003	 4.79850489757734E+0001
 1.04200000000000E+0003	 4.91121159300544E+0001
 1.04300000000000E+0003	 5.01980585169115E+0001
 1.04400000000000E+0003	 5.12427916712714E+0001
 1.04500000000000E+0003	 5.22462766242815E+0001
 1.04600000000000E+0003	 5.32084730971660E+0001
 1.04700000000000E+0003	 5.41293448455085E+0001
 1.04800000000000E+0003	 5.50088522951376E+0001
 1.04900000000000E+0003	 5.58469567428435E+0001
 1.05000000000000E+0003	 5.66436180162671E+0001
 1.05100000000000E+0003	 5.73987980553230E+0001
 1.05200000000000E+0003	 5.81128367928904E+0001
 1.05300000000000E+0003	 5.88462402117662E+0001
 1.05400000000000E+0003	 5.96429123113321E+0001
 1.05500000000000E+0003	 6.05029134625938E+0001
 1.05600000000000E+0003	 6.14263036505483E+0001
 1.05700000000000E+0003	 6.24131604256201E+0001
 1.05800000000000E+0003	 6.34635639517078E+0001
 1.05900000000000E+0003	 6.45775788796230E+0001
 1.06000000000000E+0003	 6.57552713216594E+0001
 1.06100000000000E+0003	 6.69967051897435E+0001
 1.06200000000000E+0003	 6.83019448758867E+0001
 1.06300000000000E+0003	 6.96710542681163E+0001
 1.06400000000000E+0003	 7.11040995458609E+0001
 1.06500000000000E+0003	 7.26011460146676E+0001
 1.06600000000000E+0003	 7.41622586189039E+0001
 1.06700000000000E+0003	 7.57875016849644E+0001
 1.06800000000000E+0003	 7.74769419013562E+0001
 1.06900000000000E+0003	 7.92306447590626E+0001
 1.07000000000000E+0003	 8.10486860503767E+0001
 1.07100000000000E+0003	 8.29002449240489E+0001
 1.07200000000000E+0003	 8.47331341565223E+0001
 1.07300000000000E+0003	 8.65464863621530E+0001
 1.07400000000000E+0003	 8.83402819338511E+0001
 1.07500000000000E+0003	 9.01144988816734E+0001
 1.07600000000000E+0003	 9.18691166357139E+0001
 1.07700000000000E+0003	 9.36041161455856E+0001
 1.07800000000000E+0003	 9.53194775000840E+0001
 1.07900000000000E+0003	 9.70151785854810E+0001
 1.08000000000000E+0003	 9.86911991080208E+0001
 1.08100000000000E+0003	 1.00347518987552E+0002
 1.08200000000000E+0003	 1.01984117542597E+0002
 1.08300000000000E+0003	 1.03600973295780E+0002
 1.08400000000000E+0003	 1.05198027643549E+0002
 1.08500000000000E+0003	 1.06775224257365E+0002
 1.08600000000000E+0003	 1.08332543433806E+0002
 1.08700000000000E+0003	 1.09869967230501E+0002
 1.08800000000000E+0003	 1.11387475648888E+0002
 1.08900000000000E+0003	 1.18188913774609E+0002
 1.09000000000000E+0003	 1.65674689687018E+0002
 1.09100000000000E+0003	 2.60421597056343E+0002
 1.09200000000000E+0003	 4.00054518725694E+0002
 1.09300000000000E+0003	 5.61677330072082E+0002
 1.09400000000000E+0003	 7.26395307695486E+0002
 1.09500000000000E+0003	 8.75399784068986E+0002
 1.09600000000000E+0003	 1.00058681546584E+0003
 1.09700000000000E+0003	 1.09928218784720E+0003
 1.09800000000000E+0003	 1.17174463064537E+0003
 1.09900000000000E+0003	 1.22563396436321E+0003
 1.10000000000000E+0003	 1.26437913402605E+0003
 1.10100000000000E+0003	 1.28807469658726E+0003
 1.10200000000000E+0003	 1.30455210124717E+0003
 1.10300000000000E+0003	 1.31863305794044E+0003
 1.10400000000000E+0003	 1.33031517612553E+0003
 1.10500000000000E+0003	 1.33959606074006E+0003
 1.10600000000000E+0003	 1.34647331631501E+0003
 1.10700000000000E+0003	 1.35094454566335E+0003
 1.10800000000000E+0003	 1.35407433406524E+0003
 1.10900000000000E+0003	 1.35724101727117E+0003
 1.11000000000000E+0003	 1.36045013985088E+0003
 1.11100000000000E+0003	 1.36370174877681E+0003
 1.11200000000000E+0003	 1.36699588653812E+0003
 1.11300000000000E+0003	 1.37033266045616E+0003
 1.11400000000000E+0003	 1.37366363912336E+0003
 1.11500000000000E+0003	 1.37685601484746E+0003
 1.11600000000000E+0003	 1.37990206251401E+0003
 1.11700000000000E+0003	 1.38280162371636E+0003
 1.11800000000000E+0003	 1.38555453856115E+0003
 1.11900000000000E+0003	 1.38816064877063E+0003
 1.12000000000000E+0003	 1.39064621174439E+0003
 1.12100000000000E+0003	 1.39318027860704E+0003
 1.12200000000000E+0003	 1.39579295697997E+0003
 1.12300000000000E+0003	 1.39848433301470E+0003
 1.12400000000000E+0003	 1.40125449244357E+0003
 1.12500000000000E+0003	 1.40410352079926E+0003
 1.12600000000000E+0003	 1.40703524404091E+0003
 1.12700000000000E+0003	 1.41014321883172E+0003
 1.12800000000000E+0003	 1.41346807893423E+0003
 1.12900000000000E+0003	 1.41701000945173E+0003
 1.13000000000000E+0003	 1.42076921165443E+0003
 1.13100000000000E+0003	 1.42474588365066E+0003
 1.13200000000000E+0003	 1.42894022350992E+0003
 1.13300000000000E+0003	 1.43523963213610E+0003
 1.13400000000000E+0003	 1.44581053476656E+0003
 1.13500000000000E+0003	 1.46065935283322E+0003
 1.13600000000000E+0003	 1.47979003000214E+0003
 1.13700000000000E+0003	 1.50320651682898E+0003
 1.13800000000000E+0003	 1.53091276955136E+0003
 1.13900000000000E+0003	 1.56246753218459E+0003
 1.14000000000000E+0003	 1.59648707525034E+0003
 1.14100000000000E+0003	 1.63287408352310E+0003
 1.14200000000000E+0003	 1.67163245162513E+0003
 1.14300000000000E+0003	 1.71276640074865E+0003
 1.14400000000000E+0003	 1.75627854537789E+0003
 1.14500000000000E+0003	 1.80158048039949E+0003
 1.14600000000000E+0003	 1.84252848464502E+0003
 1.14700000000000E+0003	 1.87748813179323E+0003
 1.14800000000000E+0003	 1.90645279592264E+0003
 1.14900000000000E+0003	 1.92941584167858E+0003
 1.15000000000000E+0003	 1.94637063218485E+0003
 1.15100000000000E+0003	 1.95731861762607E+0003
 1.15200000000000E+0003	 1.96520914009610E+0003
 1.15300000000000E+0003	 1.97243137876429E+0003
 1.15400000000000E+0003	 1.97898459663106E+0003
 1.15500000000000E+0003	 1.98486805293118E+0003
 1.15600000000000E+0003	 1.99008102289436E+0003
 1.15700000000000E+0003	 1.99462276964115E+0003
 1.15800000000000E+0003	 1.99863340766390E+0003
 1.15900000000000E+0003	 2.00249907513520E+0003
 1.16000000000000E+0003	 2.00624178290028E+0003
 1.16100000000000E+0003	 2.00986138913687E+0003
 1.16200000000000E+0003	 2.01335775345260E+0003
 1.16300000000000E+0003	 2.01673073666950E+0003
 1.16400000000000E+0003	 2.01998020011606E+0003
 1.16500000000000E+0003	 2.02310600192377E+0003
 1.16600000000000E+0003	 2.02610800374592E+0003
 1.16700000000000E+0003	 2.02898606561356E+0003
 1.16800000000000E+0003	 2.03174004714114E+0003
 1.16900000000000E+0003	 2.03436980600754E+0003
 1.17000000000000E+0003	 2.03687520409176E+0003
 1.17100000000000E+0003	 2.03928918566816E+0003
 1.17200000000000E+0003	 2.04164651947801E+0003
 1.17300000000000E+0003	 2.04394712622256E+0003
 1.17400000000000E+0003	 2.04619094798689E+0003
 1.17500000000000E+0003	 2.04837792816859E+0003
 1.17600000000000E+0003	 2.05050800954145E+0003
 1.17700000000000E+0003	 2.05258113048452E+0003
 1.17800000000000E+0003	 2.05459723527819E+0003
 1.17900000000000E+0003	 2.05655626727263E+0003
 1.18000000000000E+0003	 2.05845817081194E+0003
 1.18100000000000E+0003	 2.06030289022959E+0003
 1.18200000000000E+0003	 2.06209036879896E+0003
 1.18300000000000E+0003	 2.06382215676882E+0003
 1.18400000000000E+0003	 2.06555814430905E+0003
 1.18500000000000E+0003	 2.06732873509641E+0003
 1.18600000000000E+0003	 2.06913395817831E+0003
 1.18700000000000E+0003	 2.07097387540075E+0003
 1.18800000000000E+0003	 2.07284855816687E+0003
 1.18900000000000E+0003	 2.07475805187784E+0003
 1.19000000000000E+0003	 2.07670240567992E+0003
 1.19100000000000E+0003	 2.07868164004901E+0003
 1.19200000000000E+0003	 2.08069578884699E+0003
 1.19300000000000E+0003	 2.08274489070466E+0003
 1.19400000000000E+0003	 2.08482898672664E+0003
 1.19500000000000E+0003	 2.08694811145233E+0003
 1.19600000000000E+0003	 2.08909493893622E+0003
 1.19700000000000E+0003	 2.09116499538798E+0003
 1.19800000000000E+0003	 2.09312427900476E+0003
 1.19900000000000E+0003	 2.09497267051150E+0003
 1.20000000000000E+0003	 2.09671005035216E+0003
 1.20100000000000E+0003	 2.09833630637827E+0003
 1.20200000000000E+0003	 2.09985131381777E+0003
 1.20300000000000E+0003	 2.10125492276190E+0003
 1.20400000000000E+0003	 2.10254701924655E+0003
 1.20500000000000E+0003	 2.10372748741196E+0003
 1.20600000000000E+0003	 2.10479621355561E+0003
 1.20700000000000E+0003	 2.10575308362336E+0003
 1.20800000000000E+0003	 2.10659798147305E+0003
 1.20900000000000E+0003	 2.10734565304527E+0003
 1.21000000000000E+0003	 2.10814897097442E+0003
 1.21100000000000E+0003	 2.10904826673002E+0003
 1.21200000000000E+0003	 2.11004363645380E+0003
 1.21300000000000E+0003	 2.11113518391315E+0003
 1.21400000000000E+0003	 2.11232301882064E+0003
 1.21500000000000E+0003	 2.11360725123187E+0003
 1.21600000000000E+0003	 2.11498795517129E+0003
 1.21700000000000E+0003	 2.11646522790353E+0003
 1.21800000000000E+0003	 2.11803913809044E+0003
 1.21900000000000E+0003	 2.11970974703195E+0003
 1.22000000000000E+0003	 2.12147714287782E+0003
 1.22100000000000E+0003	 2.12334141780787E+0003
 1.22200000000000E+0003	 2.12529414490895E+0003
 1.22300000000000E+0003	 2.12724319563295E+0003
 1.22400000000000E+0003	 2.12916341611515E+0003
 1.22500000000000E+0003	 2.13105477838998E+0003
 1.22600000000000E+0003	 2.13291725610069E+0003
 1.22700000000000E+0003	 2.13475082554525E+0003
 1.22800000000000E+0003	 2.13655546052569E+0003
 1.22900000000000E+0003	 2.13833112830546E+0003
 1.23000000000000E+0003	 2.14007779765625E+0003
 1.23100000000000E+0003	 2.14179544367202E+0003
 1.23200000000000E+0003	 2.14348404573194E+0003
 1.23300000000000E+0003	 2.14514359183357E+0003
 1.23400000000000E+0003	 2.14677403153319E+0003
 1.23500000000000E+0003	 2.14838346838450E+0003
 1.23600000000000E+0003	 2.15011017322839E+0003
 1.23700000000000E+0003	 2.15200400284260E+0003
 1.23800000000000E+0003	 2.15406511455668E+0003
 1.23900000000000E+0003	 2.15629367459964E+0003
 1.24000000000000E+0003	 2.15868984651629E+0003
 1.24100000000000E+0003	 2.16125379293431E+0003
 1.24200000000000E+0003	 2.16398567369309E+0003
 1.24300000000000E+0003	 2.16688565148829E+0003
 1.24400000000000E+0003	 2.16995389516772E+0003
 1.24500000000000E+0003	 2.17319057590922E+0003
 1.24600000000000E+0003	 2.17659584189012E+0003
 1.24700000000000E+0003	 2.18016985574242E+0003
 1.24800000000000E+0003	 2.18390997527433E+0003
 1.24900000000000E+0003	 2.18763162794968E+0003
 1.25000000000000E+0003	 2.19122346660561E+0003
 1.25100000000000E+0003	 2.19468536300471E+0003
 1.25200000000000E+0003	 2.19801719272061E+0003
 1.25300000000000E+0003	 2.20121882981457E+0003
 1.25400000000000E+0003	 2.20429014787839E+0003
 1.25500000000000E+0003	 2.20723101838117E+0003
 1.25600000000000E+0003	 2.21004132220500E+0003
 1.25700000000000E+0003	 2.21272094426209E+0003
 1.25800000000000E+0003	 2.21526976295213E+0003
 1.25900000000000E+0003	 2.21768763021940E+0003
 1.26000000000000E+0003	 2.21997441666729E+0003
 1.26100000000000E+0003	 2.22212999464723E+0003
 1.26200000000000E+0003	 2.22427625382584E+0003
 1.26300000000000E+0003	 2.22658046505791E+0003
 1.26400000000000E+0003	 2.22904378219074E+0003
 1.26500000000000E+0003	 2.23166636028895E+0003
 1.26600000000000E+0003	 2.23444835153572E+0003
 1.26700000000000E+0003	 2.23738990815528E+0003
 1.26800000000000E+0003	 2.24049118434331E+0003
 1.26900000000000E+0003	 2.24375233725098E+0003
 1.27000000000000E+0003	 2.24717352595825E+0003
 1.27100000000000E+0003	 2.25075490623687E+0003
 1.27200000000000E+0003	 2.25449662889217E+0003
 1.27300000000000E+0003	 2.25839884732116E+0003
 1.27400000000000E+0003	 2.26246172151139E+0003
 1.27500000000000E+0003	 2.26660122148354E+0003
 1.27600000000000E+0003	 2.27050294609043E+0003
 1.27700000000000E+0003	 2.27413681469977E+0003
 1.27800000000000E+0003	 2.27750256774127E+0003
 1.27900000000000E+0003	 2.28059994592477E+0003
 1.28000000000000E+0003	 2.28342869069047E+0003
 1.28100000000000E+0003	 2.28598853565543E+0003
 1.28200000000000E+0003	 2.28900109633979E+0003
 1.28300000000000E+0003	 2.29332673219939E+0003
 1.28400000000000E+0003	 2.29896825721250E+0003
 1.28500000000000E+0003	 2.30592688054715E+0003
 1.28600000000000E+0003	 2.31420381816423E+0003
 1.28700000000000E+0003	 2.32380029170558E+0003
 1.28800000000000E+0003	 2.33465523157479E+0003
 1.28900000000000E+0003	 2.34554506462128E+0003
 1.29000000000000E+0003	 2.35599507128660E+0003
 1.29100000000000E+0003	 2.36600484327927E+0003
 1.29200000000000E+0003	 2.37557397491616E+0003
 1.29300000000000E+0003	 2.38470205810951E+0003
 1.29400000000000E+0003	 2.39338868428567E+0003
 1.29500000000000E+0003	 2.40163344609531E+0003
 1.29600000000000E+0003	 2.40943593445353E+0003
 1.29700000000000E+0003	 2.41679573929835E+0003
 1.29800000000000E+0003	 2.42371244858177E+0003
 1.29900000000000E+0003	 2.43030147122649E+0003
 1.30000000000000E+0003	 2.43718770092630E+0003
 1.30100000000000E+0003	 2.44446479506720E+0003
 1.30200000000000E+0003	 2.45208230088569E+0003
 1.30300000000000E+0003	 2.45994755494448E+0003
 1.30400000000000E+0003	 2.46805880222286E+0003
 1.30500000000000E+0003	 2.47641626511723E+0003
 1.30600000000000E+0003	 2.48502017094153E+0003
 1.30700000000000E+0003	 2.49387074769458E+0003
 1.30800000000000E+0003	 2.50296822501834E+0003
 1.30900000000000E+0003	 2.51231283264179E+0003
 1.31000000000000E+0003	 2.52190480106153E+0003
 1.31100000000000E+0003	 2.53174435958310E+0003
 1.31200000000000E+0003	 2.54183174084464E+0003
 1.31300000000000E+0003	 2.55216717997846E+0003
 1.31400000000000E+0003	 2.56275090732236E+0003
 1.31500000000000E+0003	 2.57358130628319E+0003
 1.31600000000000E+0003	 2.58463457334137E+0003
 1.31700000000000E+0003	 2.59590342942268E+0003
 1.31800000000000E+0003	 2.60738807178990E+0003
 1.31900000000000E+0003	 2.61908870029939E+0003
 1.32000000000000E+0003	 2.63100548467376E+0003
 1.32100000000000E+0003	 2.64313861577098E+0003
 1.32200000000000E+0003	 2.65548828760855E+0003
 1.32300000000000E+0003	 2.66805469525720E+0003
 1.32400000000000E+0003	 2.68083802620381E+0003
 1.32500000000000E+0003	 2.69383847851016E+0003
 1.32600000000000E+0003	 2.70705624542956E+0003
 1.32700000000000E+0003	 2.72049151983537E+0003
 1.32800000000000E+0003	 2.73414449078986E+0003
 1.32900000000000E+0003	 2.74836031361131E+0003
 1.33000000000000E+0003	 2.76394669632183E+0003
 1.33100000000000E+0003	 2.78093816728416E+0003
 1.33200000000000E+0003	 2.79933595994879E+0003
 1.33300000000000E+0003	 2.81914150251061E+0003
 1.33400000000000E+0003	 2.84035626645892E+0003
 1.33500000000000E+0003	 2.86298155544125E+0003
 1.33600000000000E+0003	 2.88701867253055E+0003
 1.33700000000000E+0003	 2.91246892345787E+0003
 1.33800000000000E+0003	 2.93933361856145E+0003
 1.33900000000000E+0003	 2.96761406665525E+0003
 1.34000000000000E+0003	 2.99731157755304E+0003
 1.34100000000000E+0003	 3.02842746289547E+0003
 1.34200000000000E+0003	 3.06099778672475E+0003
 1.34300000000000E+0003	 3.09785923927957E+0003
 1.34400000000000E+0003	 3.14081672623002E+0003
 1.34500000000000E+0003	 3.18987589182293E+0003
 1.34600000000000E+0003	 3.24650526955257E+0003
 1.34700000000000E+0003	 3.31493875747375E+0003
 1.34800000000000E+0003	 3.39545371662737E+0003
 1.34900000000000E+0003	 3.48720371715198E+0003
 1.35000000000000E+0003	 3.57432698856274E+0003
 1.35100000000000E+0003	 3.65085152865867E+0003
 1.35200000000000E+0003	 3.71676817967336E+0003
 1.35300000000000E+0003	 3.77258862367222E+0003
 1.35400000000000E+0003	 3.81922507302146E+0003
 1.35500000000000E+0003	 3.85668711226217E+0003
 1.35600000000000E+0003	 3.88564002232082E+0003
 1.35700000000000E+0003	 3.91199394060232E+0003
 1.35800000000000E+0003	 3.93713042975042E+0003
 1.35900000000000E+0003	 3.96104843293457E+0003
 1.36000000000000E+0003	 3.98578175623217E+0003
 1.36100000000000E+0003	 4.01360313626450E+0003
 1.36200000000000E+0003	 4.04451694469397E+0003
 1.36300000000000E+0003	 4.07952537091493E+0003
 1.36400000000000E+0003	 4.12398592866037E+0003
 1.36500000000000E+0003	 4.17869989065513E+0003
 1.36600000000000E+0003	 4.24367617325971E+0003
 1.36700000000000E+0003	 4.31892368506719E+0003
 1.36800000000000E+0003	 4.40445250367345E+0003
 1.36900000000000E+0003	 4.50027311722536E+0003
 1.37000000000000E+0003	 4.60741536471580E+0003
 1.37100000000000E+0003	 4.72967404766191E+0003
 1.37200000000000E+0003	 4.86741844506161E+0003
 1.37300000000000E+0003	 5.02049038430449E+0003
 1.37400000000000E+0003	 5.18148722838127E+0003
 1.37500000000000E+0003	 5.34647041616554E+0003
 1.37600000000000E+0003	 5.51544363794541E+0003
 1.37700000000000E+0003	 5.68455991242541E+0003
 1.37800000000000E+0003	 5.84310330814328E+0003
 1.37900000000000E+0003	 5.99043339501023E+0003
 1.38000000000000E+0003	 6.12637755984766E+0003
 1.38100000000000E+0003	 6.24727643896717E+0003
 1.38200000000000E+0003	 6.35160736913555E+0003
 1.38300000000000E+0003	 6.43935495412776E+0003
 1.38400000000000E+0003	 6.51412087906927E+0003
 1.38500000000000E+0003	 6.58393597545766E+0003
 1.38600000000000E+0003	 6.64908959374947E+0003
 1.38700000000000E+0003	 6.70957766716579E+0003
 1.38800000000000E+0003	 6.76539611953842E+0003
 1.38900000000000E+0003	 6.81654087789876E+0003
 1.39000000000000E+0003	 6.86300786302672E+0003
 1.39100000000000E+0003	 6.90507038510684E+0003
 1.39200000000000E+0003	 6.94324827368109E+0003
 1.39300000000000E+0003	 6.97755045291112E+0003
 1.39400000000000E+0003	 7.00797354497030E+0003
 1.39500000000000E+0003	 7.03451416160665E+0003
 1.39600000000000E+0003	 7.05716891067083E+0003
 1.39700000000000E+0003	 7.07593439394721E+0003
 1.39800000000000E+0003	 7.09210502631881E+0003
 1.39900000000000E+0003	 7.10788734206405E+0003
 1.40000000000000E+0003	 7.12331776351141E+0003
 1.40100000000000E+0003	 7.13839597765367E+0003
 1.40200000000000E+0003	 7.15312166647910E+0003
 1.40300000000000E+0003	 7.16749436434289E+0003
 1.40400000000000E+0003	 7.18151361323198E+0003
 1.40500000000000E+0003	 7.19545766803009E+0003
 1.40600000000000E+0003	 7.20977948743341E+0003
 1.40700000000000E+0003	 7.22448571710849E+0003
 1.40800000000000E+0003	 7.23957667690018E+0003
 1.40900000000000E+0003	 7.25505268800856E+0003
 1.41000000000000E+0003	 7.27091405530118E+0003
 1.41100000000000E+0003	 7.28716112207205E+0003
 1.41200000000000E+0003	 7.30418801510806E+0003
 1.41300000000000E+0003	 7.32264717838967E+0003
 1.41400000000000E+0003	 7.34254956616631E+0003
 1.41500000000000E+0003	 7.36389636675528E+0003
 1.41600000000000E+0003	 7.38668882148596E+0003
 1.41700000000000E+0003	 7.41092812950212E+0003
 1.41800000000000E+0003	 7.43661548866298E+0003
 1.41900000000000E+0003	 7.46414523066217E+0003
 1.42000000000000E+0003	 7.49422123595027E+0003
 1.42100000000000E+0003	 7.52685948783735E+0003
 1.42200000000000E+0003	 7.56201685406917E+0003
 1.42300000000000E+0003	 7.59907117128810E+0003
 1.42400000000000E+0003	 7.63782554927314E+0003
 1.42500000000000E+0003	 7.67828146588574E+0003
 1.42600000000000E+0003	 7.71879041837402E+0003
 1.42700000000000E+0003	 7.75597098998598E+0003
 1.42800000000000E+0003	 7.78971963547606E+0003
 1.42900000000000E+0003	 7.82008192125299E+0003
 1.43000000000000E+0003	 7.84794740190383E+0003
 1.43100000000000E+0003	 7.87364828790030E+0003
 1.43200000000000E+0003	 7.89718268294622E+0003
 1.43300000000000E+0003	 7.91864538087226E+0003
 1.43400000000000E+0003	 7.93827509937631E+0003
 1.43500000000000E+0003	 7.95608157687456E+0003
 1.43600000000000E+0003	 7.97206321262832E+0003
 1.43700000000000E+0003	 7.98621841315820E+0003
 1.43800000000000E+0003	 7.99854557802316E+0003
 1.43900000000000E+0003	 8.00904310746362E+0003
 1.44000000000000E+0003	 8.01798491726127E+0003
 1.44100000000000E+0003	 8.02625546542671E+0003
 1.44200000000000E+0003	 8.03392110778359E+0003
 1.44300000000000E+0003	 8.04098134065906E+0003
 1.44400000000000E+0003	 8.04743565366466E+0003
 1.44500000000000E+0003	 8.05328353014239E+0003
 1.44600000000000E+0003	 8.05852447858657E+0003
 1.44700000000000E+0003	 8.06315800195755E+0003
 1.44800000000000E+0003	 8.06718358812904E+0003
 1.44900000000000E+0003	 8.07060071665514E+0003
 1.45000000000000E+0003	 8.07358413142813E+0003
 1.45100000000000E+0003	 8.07658292157383E+0003
 1.45200000000000E+0003	 8.07961967465946E+0003
 1.45300000000000E+0003	 8.08269440208316E+0003
 1.45400000000000E+0003	 8.08580715918715E+0003
 1.45500000000000E+0003	 8.08895797561637E+0003
 1.45600000000000E+0003	 8.09214688409623E+0003
 1.45700000000000E+0003	 8.09537391112129E+0003
 1.45800000000000E+0003	 8.09863907554238E+0003
 1.45900000000000E+0003	 8.10194244673638E+0003
 1.46000000000000E+0003	 8.10528404185075E+0003
 1.46100000000000E+0003	 8.10866118142941E+0003
 1.46200000000000E+0003	 8.11203999871068E+0003
 1.46300000000000E+0003	 8.11541029942078E+0003
 1.46400000000000E+0003	 8.11877207884650E+0003
 1.46500000000000E+0003	 8.12212532642873E+0003
 1.46600000000000E+0003	 8.12547001001282E+0003
 1.46700000000000E+0003	 8.12880615145670E+0003
 1.46800000000000E+0003	 8.13213373975576E+0003
 1.46900000000000E+0003	 8.13545276638084E+0003
 1.47000000000000E+0003	 8.13876322372197E+0003
 1.47100000000000E+0003	 8.14206512446086E+0003
 1.47200000000000E+0003	 8.14535846834254E+0003
 1.47300000000000E+0003	 8.14864323360311E+0003
 1.47400000000000E+0003	 8.15191940310939E+0003
 1.47500000000000E+0003	 8.15518696592462E+0003
 1.47600000000000E+0003	 8.15844590288961E+0003
 1.47700000000000E+0003	 8.16169621159710E+0003
 1.47800000000000E+0003	 8.16493788490461E+0003
 1.47900000000000E+0003	 8.16817090985639E+0003
 1.48000000000000E+0003	 8.17139528373691E+0003
 1.48100000000000E+0003	 8.17461099969307E+0003
 1.48200000000000E+0003	 8.17781805365507E+0003
 1.48300000000000E+0003	 8.18107830435187E+0003
 1.48400000000000E+0003	 8.18449819966474E+0003
 1.48500000000000E+0003	 8.18807971352014E+0003
 1.48600000000000E+0003	 8.19182298149934E+0003
 1.48700000000000E+0003	 8.19572813524159E+0003
 1.48800000000000E+0003	 8.19979530071146E+0003
 1.48900000000000E+0003	 8.20402463180934E+0003
 1.49000000000000E+0003	 8.20841627550155E+0003
 1.49100000000000E+0003	 8.21297036258899E+0003
 1.49200000000000E+0003	 8.21768702012795E+0003
 1.49300000000000E+0003	 8.22256638228398E+0003
 1.49400000000000E+0003	 8.22760858760791E+0003
 1.49500000000000E+0003	 8.23281377966691E+0003
 1.49600000000000E+0003	 8.23818207757283E+0003
 1.49700000000000E+0003	 8.24371362226569E+0003
 1.49800000000000E+0003	 8.24940852818746E+0003
 1.49900000000000E+0003	 8.25526693206947E+0003
 1.50000000000000E+0003	 8.26128896319360E+0003
 1.50100000000000E+0003	 8.26747474828816E+0003
 1.50200000000000E+0003	 8.27382446450790E+0003
 1.50300000000000E+0003	 8.28033823370163E+0003
 1.50400000000000E+0003	 8.28701133370515E+0003
 1.50500000000000E+0003	 8.29369339479259E+0003
 1.50600000000000E+0003	 8.30031314287856E+0003
 1.50700000000000E+0003	 8.30687052858055E+0003
 1.50800000000000E+0003	 8.31336549390787E+0003
 1.50900000000000E+0003	 8.31979796587236E+0003
 1.51000000000000E+0003	 8.32616791914915E+0003
 1.51100000000000E+0003	 8.33247529739202E+0003
 1.51200000000000E+0003	 8.33872004689805E+0003
 1.51300000000000E+0003	 8.34490211518832E+0003
 1.51400000000000E+0003	 8.35102147001655E+0003
 1.51500000000000E+0003	 8.35707806592710E+0003
 1.51600000000000E+0003	 8.36307178221654E+0003
 1.51700000000000E+0003	 8.36900250893808E+0003
 1.51800000000000E+0003	 8.37487019193934E+0003
 1.51900000000000E+0003	 8.38067476747404E+0003
 1.52000000000000E+0003	 8.38641619129818E+0003
 1.52100000000000E+0003	 8.39209441331358E+0003
 1.52200000000000E+0003	 8.39770938011639E+0003
 1.52300000000000E+0003	 8.40326104492950E+0003
 1.52400000000000E+0003	 8.40874935718548E+0003
 1.52500000000000E+0003	 8.41417426897420E+0003
 1.52600000000000E+0003	 8.41956650697631E+0003
 1.52700000000000E+0003	 8.42520555115708E+0003
 1.52800000000000E+0003	 8.43115864717065E+0003
 1.52900000000000E+0003	 8.43742604659482E+0003
 1.53000000000000E+0003	 8.44400799908403E+0003
 1.53100000000000E+0003	 8.45090474930447E+0003
 1.53200000000000E+0003	 8.45811657070491E+0003
 1.53300000000000E+0003	 8.46564372808350E+0003
 1.53400000000000E+0003	 8.47348646926139E+0003
 1.53500000000000E+0003	 8.48164504151825E+0003
 1.53600000000000E+0003	 8.49011965986733E+0003
 1.53700000000000E+0003	 8.49891054004795E+0003
 1.53800000000000E+0003	 8.50801793740665E+0003
 1.53900000000000E+0003	 8.51744208753498E+0003
 1.54000000000000E+0003	 8.52718326311397E+0003
 1.54100000000000E+0003	 8.53724171409014E+0003
 1.54200000000000E+0003	 8.54761769356616E+0003
 1.54300000000000E+0003	 8.55831144634880E+0003
 1.54400000000000E+0003	 8.56932321865826E+0003
 1.54500000000000E+0003	 8.58065330441083E+0003
 1.54600000000000E+0003	 8.59230193843962E+0003
 1.54700000000000E+0003	 8.60426937080514E+0003
 1.54800000000000E+0003	 8.61650052740884E+0003
 1.54900000000000E+0003	 8.62857439629738E+0003
 1.55000000000000E+0003	 8.64040331794152E+0003
 1.55100000000000E+0003	 8.65198708904468E+0003
 1.55200000000000E+0003	 8.66332549622397E+0003
 1.55300000000000E+0003	 8.67441836841680E+0003
 1.55400000000000E+0003	 8.68526550543271E+0003
 1.55500000000000E+0003	 8.69586670944156E+0003
 1.55600000000000E+0003	 8.70622180967931E+0003
 1.55700000000000E+0003	 8.71633065243524E+0003
 1.55800000000000E+0003	 8.72619304597340E+0003
 1.55900000000000E+0003	 8.73580877031182E+0003
 1.56000000000000E+0003	 8.74517761851960E+0003
 1.56100000000000E+0003	 8.75429938729128E+0003
 1.56200000000000E+0003	 8.76317386222858E+0003
 1.56300000000000E+0003	 8.77180085035369E+0003
 1.56400000000000E+0003	 8.78018015050696E+0003
 1.56500000000000E+0003	 8.78831155960496E+0003
 1.56600000000000E+0003	 8.79619487930499E+0003
 1.56700000000000E+0003	 8.80382990901668E+0003
 1.56800000000000E+0003	 8.81121644996878E+0003
 1.56900000000000E+0003	 8.81835429956104E+0003
 1.57000000000000E+0003	 8.82529320381471E+0003
 1.57100000000000E+0003	 8.83271369066612E+0003
 1.57200000000000E+0003	 8.84083179663281E+0003
 1.57300000000000E+0003	 8.84964808553039E+0003
 1.57400000000000E+0003	 8.85916311805423E+0003
 1.57500000000000E+0003	 8.86937748269591E+0003
 1.57600000000000E+0003	 8.88029162103547E+0003
 1.57700000000000E+0003	 8.89190592933280E+0003
 1.57800000000000E+0003	 8.90422093618304E+0003
 1.57900000000000E+0003	 8.91723717544363E+0003
 1.58000000000000E+0003	 8.93095518660365E+0003
 1.58100000000000E+0003	 8.94537550952223E+0003
 1.58200000000000E+0003	 8.96049867004283E+0003
 1.58300000000000E+0003	 8.97632522785567E+0003
 1.58400000000000E+0003	 8.99285572114474E+0003
 1.58500000000000E+0003	 9.00999287206205E+0003
 1.58600000000000E+0003	 9.02712833809729E+0003
 1.58700000000000E+0003	 9.04415690823113E+0003
 1.58800000000000E+0003	 9.06107854073651E+0003
 1.58900000000000E+0003	 9.07789313183519E+0003
 1.59000000000000E+0003	 9.09460059659883E+0003
 1.59100000000000E+0003	 9.11120085103369E+0003
 1.59200000000000E+0003	 9.12769381219319E+0003
 1.59300000000000E+0003	 9.14407939914262E+0003
 1.59400000000000E+0003	 9.16035752082289E+0003
 1.59500000000000E+0003	 9.17652807987613E+0003
 1.59600000000000E+0003	 9.19259101682923E+0003
 1.59700000000000E+0003	 9.20854622860964E+0003
 1.59800000000000E+0003	 9.22439361473644E+0003
 1.59900000000000E+0003	 9.24013309430456E+0003
 1.60000000000000E+0003	 9.25582726434475E+0003
 1.60100000000000E+0003	 9.27174525293409E+0003
 1.60200000000000E+0003	 9.28791799753071E+0003
 1.60300000000000E+0003	 9.30434568845704E+0003
 1.60400000000000E+0003	 9.32102726207677E+0003
 1.60500000000000E+0003	 9.33782243845661E+0003
 1.60600000000000E+0003	 9.35463588436361E+0003
 1.60700000000000E+0003	 9.37146856525983E+0003
 1.60800000000000E+0003	 9.38841442573304E+0003
 1.60900000000000E+0003	 9.40553580048050E+0003
 1.61000000000000E+0003	 9.42283282630955E+0003
 1.61100000000000E+0003	 9.44030564181946E+0003
 1.61200000000000E+0003	 9.45795438355586E+0003
 1.61300000000000E+0003	 9.47577918238051E+0003
 1.61400000000000E+0003	 9.49378018502975E+0003
 1.61500000000000E+0003	 9.51196439045553E+0003
 1.61600000000000E+0003	 9.53035879909946E+0003
 1.61700000000000E+0003	 9.54896628209342E+0003
 1.61800000000000E+0003	 9.56778701599058E+0003
 1.61900000000000E+0003	 9.58682116804878E+0003
 1.62000000000000E+0003	 9.60606889329735E+0003
 1.62100000000000E+0003	 9.62553034962407E+0003
 1.62200000000000E+0003	 9.64520676862158E+0003
 1.62300000000000E+0003	 9.66522221888422E+0003
 1.62400000000000E+0003	 9.68566174364780E+0003
 1.62500000000000E+0003	 9.70652566013550E+0003
 1.62600000000000E+0003	 9.72781431640643E+0003
 1.62700000000000E+0003	 9.74952803962609E+0003
 1.62800000000000E+0003	 9.77166716036421E+0003
 1.62900000000000E+0003	 9.79423199975956E+0003
 1.63000000000000E+0003	 9.81722288481233E+0003
 1.63100000000000E+0003	 9.84064018691820E+0003
 1.63200000000000E+0003	 9.86448421391123E+0003
 1.63300000000000E+0003	 9.88875529598073E+0003
 1.63400000000000E+0003	 9.91345376350026E+0003
 1.63500000000000E+0003	 9.93857994863286E+0003
 1.63600000000000E+0003	 9.96413418589817E+0003
 1.63700000000000E+0003	 9.99011684119855E+0003
 1.63800000000000E+0003	 1.00166188756969E+0004
 1.63900000000000E+0003	 1.00437238402528E+0004
 1.64000000000000E+0003	 1.00714321713314E+0004
 1.64100000000000E+0003	 1.00997443353665E+0004
 1.64200000000000E+0003	 1.01286608037877E+0004
 1.64300000000000E+0003	 1.01581820622475E+0004
 1.64400000000000E+0003	 1.01883085914597E+0004
 1.64500000000000E+0003	 1.02190408369133E+0004
 1.64600000000000E+0003	 1.02503792645304E+0004
 1.64700000000000E+0003	 1.02823243429865E+0004
 1.64800000000000E+0003	 1.03148765288640E+0004
 1.64900000000000E+0003	 1.03480363020753E+0004
 1.65000000000000E+0003	 1.03818041362360E+0004
 1.65100000000000E+0003	 1.04161805040239E+0004
 1.65200000000000E+0003	 1.04511658820963E+0004
 1.65300000000000E+0003	 1.04866412267310E+0004
 1.65400000000000E+0003	 1.05224152485396E+0004
 1.65500000000000E+0003	 1.05584856502936E+0004
 1.65600000000000E+0003	 1.05948526574488E+0004
 1.65700000000000E+0003	 1.06315165124032E+0004
 1.65800000000000E+0003	 1.06684774414842E+0004
 1.65900000000000E+0003	 1.07057356707577E+0004
 1.66000000000000E+0003	 1.07433240381726E+0004
 1.66100000000000E+0003	 1.07818596037218E+0004
 1.66200000000000E+0003	 1.08215773811854E+0004
 1.66300000000000E+0003	 1.08624782758616E+0004
 1.66400000000000E+0003	 1.09045631985535E+0004
 1.66500000000000E+0003	 1.09478330644278E+0004
 1.66600000000000E+0003	 1.09922887951698E+0004
 1.66700000000000E+0003	 1.10379313113383E+0004
 1.66800000000000E+0003	 1.10847076047405E+0004
 1.66900000000000E+0003	 1.11324353818989E+0004
 1.67000000000000E+0003	 1.11811002768141E+0004
 1.67100000000000E+0003	 1.12307030189873E+0004
 1.67200000000000E+0003	 1.12812443284463E+0004
 1.67300000000000E+0003	 1.13327249340454E+0004
 1.67400000000000E+0003	 1.13851456072143E+0004
 1.67500000000000E+0003	 1.14385072438744E+0004
 1.67600000000000E+0003	 1.14934141574728E+0004
 1.67700000000000E+0003	 1.15504299480611E+0004
 1.67800000000000E+0003	 1.16095562604175E+0004
 1.67900000000000E+0003	 1.16707947425107E+0004
 1.68000000000000E+0003	 1.17341470321520E+0004
 1.68100000000000E+0003	 1.17996142325284E+0004
 1.68200000000000E+0003	 1.18671974264300E+0004
 1.68300000000000E+0003	 1.19369357485289E+0004
 1.68400000000000E+0003	 1.20092456396408E+0004
 1.68500000000000E+0003	 1.20842437662090E+0004
 1.68600000000000E+0003	 1.21619321524926E+0004
 1.68700000000000E+0003	 1.22423128297671E+0004
 1.68800000000000E+0003	 1.23253877927258E+0004
 1.68900000000000E+0003	 1.24111590583639E+0004
 1.69000000000000E+0003	 1.24996286462661E+0004
 1.69100000000000E+0003	 1.25903464142492E+0004
 1.69200000000000E+0003	 1.26819714420074E+0004
 1.69300000000000E+0003	 1.27744156087979E+0004
 1.69400000000000E+0003	 1.28676795297939E+0004
 1.69500000000000E+0003	 1.29617548052018E+0004
 1.69600000000000E+0003	 1.30550982799684E+0004
 1.69700000000000E+0003	 1.31465782367786E+0004
 1.69800000000000E+0003	 1.32361932554390E+0004
 1.69900000000000E+0003	 1.33233377259257E+0004
 1.70000000000000E+0003	 1.34074172869448E+0004
 1.70100000000000E+0003	 1.34884296239696E+0004
 1.70200000000000E+0003	 1.35663724188941E+0004
 1.70300000000000E+0003	 1.36412431241921E+0004
 1.70400000000000E+0003	 1.37130392424609E+0004
 1.70500000000000E+0003	 1.37817584998012E+0004
 1.70600000000000E+0003	 1.38474853461969E+0004
 1.70700000000000E+0003	 1.39115951396971E+0004
 1.70800000000000E+0003	 1.39745638464334E+0004
 1.70900000000000E+0003	 1.40363906208915E+0004
 1.71000000000000E+0003	 1.40970746139208E+0004
 1.71100000000000E+0003	 1.41566149577299E+0004
 1.71200000000000E+0003	 1.42150108261823E+0004
 1.71300000000000E+0003	 1.42722613664671E+0004
 1.71400000000000E+0003	 1.43284429297372E+0004
 1.71500000000000E+0003	 1.43839024759661E+0004
 1.71600000000000E+0003	 1.44386816760256E+0004
 1.71700000000000E+0003	 1.44927800616672E+0004
 1.71800000000000E+0003	 1.45461970996635E+0004
 1.71900000000000E+0003	 1.45989322814006E+0004
 1.72000000000000E+0003	 1.46509850939870E+0004
 1.72100000000000E+0003	 1.47023550296811E+0004
 1.72200000000000E+0003	 1.47535161165182E+0004
 1.72300000000000E+0003	 1.48053396635584E+0004
 1.72400000000000E+0003	 1.48578449691656E+0004
 1.72500000000000E+0003	 1.49110321334196E+0004
 1.72600000000000E+0003	 1.49649012143781E+0004
 1.72700000000000E+0003	 1.50194526985867E+0004
 1.72800000000000E+0003	 1.50746870794909E+0004
 1.72900000000000E+0003	 1.51306060464597E+0004
 1.73000000000000E+0003	 1.51874512973849E+0004
 1.73100000000000E+0003	 1.52454047660053E+0004
 1.73200000000000E+0003	 1.53044672461761E+0004
 1.73300000000000E+0003	 1.53646395260682E+0004
 1.73400000000000E+0003	 1.54259223911182E+0004
 1.73500000000000E+0003	 1.54883166483594E+0004
 1.73600000000000E+0003	 1.55518230961538E+0004
 1.73700000000000E+0003	 1.56164152807012E+0004
 1.73800000000000E+0003	 1.56816612031864E+0004
 1.73900000000000E+0003	 1.57474114288454E+0004
 1.74000000000000E+0003	 1.58136663227658E+0004
 1.74100000000000E+0003	 1.58804262453971E+0004
 1.74200000000000E+0003	 1.59476915544040E+0004
 1.74300000000000E+0003	 1.60154626272809E+0004
 1.74400000000000E+0003	 1.60837398239990E+0004
 1.74500000000000E+0003	 1.61524414218542E+0004
 1.74600000000000E+0003	 1.62210866915266E+0004
 1.74700000000000E+0003	 1.62895973205495E+0004
 1.74800000000000E+0003	 1.63579730865436E+0004
 1.74900000000000E+0003	 1.64262137464253E+0004
 1.75000000000000E+0003	 1.64943191977484E+0004
 1.75100000000000E+0003	 1.65622893386198E+0004
 1.75200000000000E+0003	 1.66301240753909E+0004
 1.75300000000000E+0003	 1.66981615403495E+0004
 1.75400000000000E+0003	 1.67674027449149E+0004
 1.75500000000000E+0003	 1.68379143721107E+0004
 1.75600000000000E+0003	 1.69096973372325E+0004
 1.75700000000000E+0003	 1.69827525518625E+0004
 1.75800000000000E+0003	 1.70570809172352E+0004
 1.75900000000000E+0003	 1.71326833458230E+0004
 1.76000000000000E+0003	 1.72095607895589E+0004
 1.76100000000000E+0003	 1.72876449642691E+0004
 1.76200000000000E+0003	 1.73668230512871E+0004
 1.76300000000000E+0003	 1.74470941741464E+0004
 1.76400000000000E+0003	 1.75284591192769E+0004
 1.76500000000000E+0003	 1.76109186726109E+0004
 1.76600000000000E+0003	 1.76944736098027E+0004
 1.76700000000000E+0003	 1.77791247075234E+0004
 1.76800000000000E+0003	 1.78648725809651E+0004
 1.76900000000000E+0003	 1.79511646695383E+0004
 1.77000000000000E+0003	 1.80374877911368E+0004
 1.77100000000000E+0003	 1.81238418875330E+0004
 1.77200000000000E+0003	 1.82102269042321E+0004
 1.77300000000000E+0003	 1.82966428763746E+0004
 1.77400000000000E+0003	 1.83830898020206E+0004
 1.77500000000000E+0003	 1.84695677024432E+0004
 1.77600000000000E+0003	 1.85560858771453E+0004
 1.77700000000000E+0003	 1.86431322652864E+0004
 1.77800000000000E+0003	 1.87309834253811E+0004
 1.77900000000000E+0003	 1.88196399369567E+0004
 1.78000000000000E+0003	 1.89091023782693E+0004
 1.78100000000000E+0003	 1.89993713304953E+0004
 1.78200000000000E+0003	 1.90904473746641E+0004
 1.78300000000000E+0003	 1.91823310931419E+0004
 1.78400000000000E+0003	 1.92750230641576E+0004
 1.78500000000000E+0003	 1.93685238631210E+0004
 1.78600000000000E+0003	 1.94628340853859E+0004
 1.78700000000000E+0003	 1.95579543090730E+0004
 1.78800000000000E+0003	 1.96538851100314E+0004
 1.78900000000000E+0003	 1.97506270653018E+0004
 1.79000000000000E+0003	 1.98481807786015E+0004
 1.79100000000000E+0003	 1.99465468431617E+0004
 1.79200000000000E+0003	 2.00457633079761E+0004
 1.79300000000000E+0003	 2.01462223324702E+0004
 1.79400000000000E+0003	 2.02480290833221E+0004
 1.79500000000000E+0003	 2.03511846416546E+0004
 1.79600000000000E+0003	 2.04556899850790E+0004
 1.79700000000000E+0003	 2.05615460777246E+0004
 1.79800000000000E+0003	 2.06687539188734E+0004
 1.79900000000000E+0003	 2.07773144980268E+0004
 1.80000000000000E+0003	 2.08872287996522E+0004
 1.80100000000000E+0003	 2.09984977963458E+0004
 1.80200000000000E+0003	 2.11111224757695E+0004
 1.80300000000000E+0003	 2.12251038634706E+0004
 1.80400000000000E+0003	 2.13404429216277E+0004
 1.80500000000000E+0003	 2.14571406392496E+0004
 1.80600000000000E+0003	 2.15751980023517E+0004
 1.80700000000000E+0003	 2.16946160040246E+0004
 1.80800000000000E+0003	 2.18153700201572E+0004
 1.80900000000000E+0003	 2.19373216682377E+0004
 1.81000000000000E+0003	 2.20604508272284E+0004
 1.81100000000000E+0003	 2.21847583770297E+0004
 1.81200000000000E+0003	 2.23102451764171E+0004
 1.81300000000000E+0003	 2.24369120846615E+0004
 1.81400000000000E+0003	 2.25647599688270E+0004
 1.81500000000000E+0003	 2.26937897007546E+0004
 1.81600000000000E+0003	 2.28240021583165E+0004
 1.81700000000000E+0003	 2.29553978740674E+0004
 1.81800000000000E+0003	 2.30879773968168E+0004
 1.81900000000000E+0003	 2.32217415735054E+0004
 1.82000000000000E+0003	 2.33566912501493E+0004
 1.82100000000000E+0003	 2.34928272916717E+0004
 1.82200000000000E+0003	 2.36301505556462E+0004
 1.82300000000000E+0003	 2.37686619026465E+0004
 1.82400000000000E+0003	 2.39086306335470E+0004
 1.82500000000000E+0003	 2.40511459997869E+0004
 1.82600000000000E+0003	 2.41963253197678E+0004
 1.82700000000000E+0003	 2.43441705219219E+0004
 1.82800000000000E+0003	 2.44946835333504E+0004
 1.82900000000000E+0003	 2.46478663024269E+0004
 1.83000000000000E+0003	 2.48037207618549E+0004
 1.83100000000000E+0003	 2.49622488433666E+0004
 1.83200000000000E+0003	 2.51234524818482E+0004
 1.83300000000000E+0003	 2.52873336399920E+0004
 1.83400000000000E+0003	 2.54538942690399E+0004
 1.83500000000000E+0003	 2.56231363061578E+0004
 1.83600000000000E+0003	 2.57950616960802E+0004
 1.83700000000000E+0003	 2.59696723858999E+0004
 1.83800000000000E+0003	 2.61469703323827E+0004
 1.83900000000000E+0003	 2.63269574897117E+0004
 1.84000000000000E+0003	 2.65097023612673E+0004
 1.84100000000000E+0003	 2.66954725672608E+0004
 1.84200000000000E+0003	 2.68842973668341E+0004
 1.84300000000000E+0003	 2.70761788867732E+0004
 1.84400000000000E+0003	 2.72711192432871E+0004
 1.84500000000000E+0003	 2.74691205560184E+0004
 1.84600000000000E+0003	 2.76701850014573E+0004
 1.84700000000000E+0003	 2.78743146912666E+0004
 1.84800000000000E+0003	 2.80815117676962E+0004
 1.84900000000000E+0003	 2.82917783667049E+0004
 1.85000000000000E+0003	 2.85051166320939E+0004
 1.85100000000000E+0003	 2.87215287084271E+0004
 1.85200000000000E+0003	 2.89410167309269E+0004
 1.85300000000000E+0003	 2.91635828386744E+0004
 1.85400000000000E+0003	 2.93892292023539E+0004
 1.85500000000000E+0003	 2.96179579731052E+0004
 1.85600000000000E+0003	 2.98495552848291E+0004
 1.85700000000000E+0003	 3.00829671529171E+0004
 1.85800000000000E+0003	 3.03180536221971E+0004
 1.85900000000000E+0003	 3.05548158817404E+0004
 1.86000000000000E+0003	 3.07932550784219E+0004
 1.86100000000000E+0003	 3.10333723875640E+0004
 1.86200000000000E+0003	 3.12751689762613E+0004
 1.86300000000000E+0003	 3.15186460111894E+0004
 1.86400000000000E+0003	 3.17638325729107E+0004
 1.86500000000000E+0003	 3.20109114455992E+0004
 1.86600000000000E+0003	 3.22599150402449E+0004
 1.86700000000000E+0003	 3.25108446425222E+0004
 1.86800000000000E+0003	 3.27637015336678E+0004
 1.86900000000000E+0003	 3.30184869784453E+0004
 1.87000000000000E+0003	 3.32752022398647E+0004
 1.87100000000000E+0003	 3.35338486321847E+0004
 1.87200000000000E+0003	 3.37945927531412E+0004
 1.87300000000000E+0003	 3.40588174450982E+0004
 1.87400000000000E+0003	 3.43268353215405E+0004
 1.87500000000000E+0003	 3.45986489049729E+0004
 1.87600000000000E+0003	 3.48742607462188E+0004
 1.87700000000000E+0003	 3.51536733850583E+0004
 1.87800000000000E+0003	 3.54368893477737E+0004
 1.87900000000000E+0003	 3.57239111684119E+0004
 1.88000000000000E+0003	 3.60147889370292E+0004
 1.88100000000000E+0003	 3.63101551901501E+0004
 1.88200000000000E+0003	 3.66102090924245E+0004
 1.88300000000000E+0003	 3.69149537594006E+0004
 1.88400000000000E+0003	 3.72243923527947E+0004
 1.88500000000000E+0003	 3.75385280198087E+0004
 1.88600000000000E+0003	 3.78573639046340E+0004
 1.88700000000000E+0003	 3.81809031416936E+0004
 1.88800000000000E+0003	 3.85091844210835E+0004
 1.88900000000000E+0003	 3.88431921559538E+0004
 1.89000000000000E+0003	 3.91833746412752E+0004
 1.89100000000000E+0003	 3.95297361936494E+0004
 1.89200000000000E+0003	 3.98822811259289E+0004
 1.89300000000000E+0003	 4.02410137607601E+0004
 1.89400000000000E+0003	 4.06059384053224E+0004
 1.89500000000000E+0003	 4.09770594049131E+0004
 1.89600000000000E+0003	 4.13543975338097E+0004
 1.89700000000000E+0003	 4.17401377121249E+0004
 1.89800000000000E+0003	 4.21358157431673E+0004
 1.89900000000000E+0003	 4.25414385835122E+0004
 1.90000000000000E+0003	 4.29570131914524E+0004
 1.90100000000000E+0003	 4.33825465581807E+0004
 1.90200000000000E+0003	 4.38180456810295E+0004
 1.90300000000000E+0003	 4.42635175220132E+0004
 1.90400000000000E+0003	 4.47189690768940E+0004
 1.90500000000000E+0003	 4.51840910029130E+0004
 1.90600000000000E+0003	 4.56585047067901E+0004
 1.90700000000000E+0003	 4.61422157815866E+0004
 1.90800000000000E+0003	 4.66352307629351E+0004
 1.90900000000000E+0003	 4.71375561896431E+0004
 1.91000000000000E+0003	 4.76491986120038E+0004
 1.91100000000000E+0003	 4.81701645814351E+0004
 1.91200000000000E+0003	 4.87004606387953E+0004
 1.91300000000000E+0003	 4.92419124709549E+0004
 1.91400000000000E+0003	 4.97984563397506E+0004
 1.91500000000000E+0003	 5.03702360446049E+0004
 1.91600000000000E+0003	 5.09572617666145E+0004
 1.91700000000000E+0003	 5.15595436941885E+0004
 1.91800000000000E+0003	 5.21770919841764E+0004
 1.91900000000000E+0003	 5.28099169291508E+0004
 1.92000000000000E+0003	 5.34580287512348E+0004
 1.92100000000000E+0003	 5.41224711089070E+0004
 1.92200000000000E+0003	 5.48073845378608E+0004
 1.92300000000000E+0003	 5.55132126266213E+0004
 1.92400000000000E+0003	 5.62399693788653E+0004
 1.92500000000000E+0003	 5.69876688397634E+0004
 1.92600000000000E+0003	 5.77563250385923E+0004
 1.92700000000000E+0003	 5.85459520619926E+0004
 1.92800000000000E+0003	 5.93565639929951E+0004
 1.92900000000000E+0003	 6.01876696666999E+0004
 1.93000000000000E+0003	 6.10348420564855E+0004
 1.93100000000000E+0003	 6.18970536013863E+0004
 1.93200000000000E+0003	 6.27743144740870E+0004
 1.93300000000000E+0003	 6.36666347597029E+0004
 1.93400000000000E+0003	 6.45740245915191E+0004
 1.93500000000000E+0003	 6.54964941051677E+0004
 1.93600000000000E+0003	 6.64340534515952E+0004
 1.93700000000000E+0003	 6.73865153169968E+0004
 1.93800000000000E+0003	 6.83471275999863E+0004
 1.93900000000000E+0003	 6.93125709788496E+0004
 1.94000000000000E+0003	 7.02828487302138E+0004
 1.94100000000000E+0003	 7.12579641115170E+0004
 1.94200000000000E+0003	 7.22379203832598E+0004
 1.94300000000000E+0003	 7.32227207203405E+0004
 1.94400000000000E+0003	 7.42123684827964E+0004
 1.94500000000000E+0003	 7.52068669697184E+0004
 1.94600000000000E+0003	 7.62001272782739E+0004
 1.94700000000000E+0003	 7.71851354696936E+0004
 1.94800000000000E+0003	 7.81618774580183E+0004
 1.94900000000000E+0003	 7.91303476634198E+0004
 1.95000000000000E+0003	 8.00905404761140E+0004
 1.95100000000000E+0003	 8.10424503017051E+0004
 1.95200000000000E+0003	 8.19860715366513E+0004
 1.95300000000000E+0003	 8.29213985765219E+0004
 1.95400000000000E+0003	 8.38477962841355E+0004
 1.95500000000000E+0003	 8.47635247446144E+0004
 1.95600000000000E+0003	 8.56684765960972E+0004
 1.95700000000000E+0003	 8.65626445847974E+0004
 1.95800000000000E+0003	 8.74460214165160E+0004
 1.95900000000000E+0003	 8.83185997676305E+0004
 1.96000000000000E+0003	 8.91803723043663E+0004
 1.96100000000000E+0003	 9.00313316439893E+0004
 1.96200000000000E+0003	 9.08723887778186E+0004
 1.96300000000000E+0003	 9.17103711152137E+0004
 1.96400000000000E+0003	 9.25466653736579E+0004
 1.96500000000000E+0003	 9.33812704509235E+0004
 1.96600000000000E+0003	 9.42141852441644E+0004
 1.96700000000000E+0003	 9.50454086389154E+0004
 1.96800000000000E+0003	 9.58749394919339E+0004
 1.96900000000000E+0003	 9.67027767048869E+0004
 1.97000000000000E+0003	 9.75289868231111E+0004
 1.97100000000000E+0003	 9.83568078984002E+0004
 1.97200000000000E+0003	 9.91876071400223E+0004
 1.97300000000000E+0003	 1.00018922060061E+0005
 1.97400000000000E+0003	 1.00850348684139E+0005
 1.97500000000000E+0003	 1.01681887150106E+0005
 1.97600000000000E+0003	 1.02513537498768E+0005
 1.97700000000000E+0003	 1.03345299807300E+0005
 1.97800000000000E+0003	 1.04177174146495E+0005
 1.97900000000000E+0003	 1.05010021647041E+0005
 1.98000000000000E+0003	 1.05845282888063E+0005
 1.98100000000000E+0003	 1.06682981955557E+0005
 1.98200000000000E+0003	 1.07523120438200E+0005
 1.98300000000000E+0003	 1.08365699952500E+0005
 1.98400000000000E+0003	 1.09210722092570E+0005
 1.98500000000000E+0003	 1.10058188453868E+0005
 1.98600000000000E+0003	 1.10908100545806E+0005
 1.98700000000000E+0003	 1.11760502655778E+0005
 1.98800000000000E+0003	 1.12615614343775E+0005
 1.98900000000000E+0003	 1.13473466964911E+0005
 1.99000000000000E+0003	 1.14334061224179E+0005
 1.99100000000000E+0003	 1.15197398896666E+0005
 1.99200000000000E+0003	 1.16063481774320E+0005
 1.99300000000000E+0003	 1.16932311519295E+0005
 1.99400000000000E+0003	 1.17803890007793E+0005
 1.99500000000000E+0003	 1.18678113424464E+0005
 1.99600000000000E+0003	 1.19551620061720E+0005
 1.99700000000000E+0003	 1.20422800237326E+0005
 1.99800000000000E+0003	 1.21291652419074E+0005
 1.99900000000000E+0003	 1.22158175045105E+0005
 2.00000000000000E+0003	 1.23022366645122E+0005
 2.00100000000000E+0003	 1.23884225717375E+0005
 2.00200000000000E+0003	 1.24743750735336E+0005
 2.00300000000000E+0003	 1.25600940168614E+0005
 2.00400000000000E+0003	 1.26453963436478E+0005
 2.00500000000000E+0003	 1.27299628758950E+0005
 2.00600000000000E+0003	 1.28137873396640E+0005
 2.00700000000000E+0003	 1.28968692518475E+0005
 2.00800000000000E+0003	 1.29792081266564E+0005
 2.00900000000000E+0003	 1.30608034775934E+0005
 2.01000000000000E+0003	 1.31416548166690E+0005
 2.01100000000000E+0003	 1.32217616527981E+0005
 2.01200000000000E+0003	 1.33011127847011E+0005
 2.01300000000000E+0003	 1.33796371193484E+0005
 2.01400000000000E+0003	 1.34573212275469E+0005
 2.01500000000000E+0003	 1.35341645099815E+0005
 2.01600000000000E+0003	 1.36101663633848E+0005
 2.01700000000000E+0003	 1.36853262393756E+0005
 2.01800000000000E+0003	 1.37596435943717E+0005
 2.01900000000000E+0003	 1.38331178727150E+0005
 2.02000000000000E+0003	 1.39057484715537E+0005
 2.02100000000000E+0003	 1.39775267063008E+0005
 2.02200000000000E+0003	 1.40484461677175E+0005
 2.02300000000000E+0003	 1.41185062871150E+0005
 2.02400000000000E+0003	 1.41877065068738E+0005
 2.02500000000000E+0003	 1.42560462634224E+0005
 2.02600000000000E+0003	 1.43235249953295E+0005
 2.02700000000000E+0003	 1.43901421381089E+0005
 2.02800000000000E+0003	 1.44558971267266E+0005
 2.02900000000000E+0003	 1.45212440631745E+0005
 2.03000000000000E+0003	 1.45859549493134E+0005
 2.03100000000000E+0003	 1.46492043538203E+0005
 2.03200000000000E+0003	 1.47109913140514E+0005
 2.03300000000000E+0003	 1.47713148702630E+0005
 2.03400000000000E+0003	 1.48301740605254E+0005
 2.03500000000000E+0003	 1.48875679233144E+0005
 2.03600000000000E+0003	 1.49434954834123E+0005
 2.03700000000000E+0003	 1.49979742988607E+0005
 2.03800000000000E+0003	 1.50513964506684E+0005
 2.03900000000000E+0003	 1.51039193778032E+0005
 2.04000000000000E+0003	 1.51555424884305E+0005
 2.04100000000000E+0003	 1.52062650751519E+0005
 2.04200000000000E+0003	 1.52560864331032E+0005
 2.04300000000000E+0003	 1.53050059813176E+0005
 2.04400000000000E+0003	 1.53530231355686E+0005
 2.04500000000000E+0003	 1.54001373077420E+0005
 2.04600000000000E+0003	 1.54463281701731E+0005
 2.04700000000000E+0003	 1.54915560266385E+0005
 2.04800000000000E+0003	 1.55358191985921E+0005
 2.04900000000000E+0003	 1.55791170547673E+0005
 2.05000000000000E+0003	 1.56214489681383E+0005
 2.05100000000000E+0003	 1.56628143091185E+0005
 2.05200000000000E+0003	 1.57032124472077E+0005
 2.05300000000000E+0003	 1.57426427503131E+0005
 2.05400000000000E+0003	 1.57811148758278E+0005
 2.05500000000000E+0003	 1.58187492021941E+0005
 2.05600000000000E+0003	 1.58555800929567E+0005
 2.05700000000000E+0003	 1.58916070242771E+0005
 2.05800000000000E+0003	 1.59268294702131E+0005
 2.05900000000000E+0003	 1.59612469017538E+0005
 2.06000000000000E+0003	 1.59948587941342E+0005
 2.06100000000000E+0003	 1.60276646273814E+0005
 2.06200000000000E+0003	 1.60596638697556E+0005
 2.06300000000000E+0003	 1.60909646700385E+0005
 2.06400000000000E+0003	 1.61217396221615E+0005
 2.06500000000000E+0003	 1.61519906017058E+0005
 2.06600000000000E+0003	 1.61817172591742E+0005
 2.06700000000000E+0003	 1.62109190787738E+0005
 2.06800000000000E+0003	 1.62395955487865E+0005
 2.06900000000000E+0003	 1.62677463400562E+0005
 2.07000000000000E+0003	 1.62953711205324E+0005
 2.07100000000000E+0003	 1.63224655897054E+0005
 2.07200000000000E+0003	 1.63489889823089E+0005
 2.07300000000000E+0003	 1.63749303814443E+0005
 2.07400000000000E+0003	 1.64002894229495E+0005
 2.07500000000000E+0003	 1.64250657355189E+0005
 2.07600000000000E+0003	 1.64492589510550E+0005
 2.07700000000000E+0003	 1.64728687000159E+0005
 2.07800000000000E+0003	 1.64958946137785E+0005
 2.07900000000000E+0003	 1.65183363110963E+0005
 2.08000000000000E+0003	 1.65402948300373E+0005
 2.08100000000000E+0003	 1.65619359272345E+0005
 2.08200000000000E+0003	 1.65832617905181E+0005
 2.08300000000000E+0003	 1.66042722200734E+0005
 2.08400000000000E+0003	 1.66249670124308E+0005
 2.08500000000000E+0003	 1.66453459644076E+0005
 2.08600000000000E+0003	 1.66654088805536E+0005
 2.08700000000000E+0003	 1.66851555624149E+0005
 2.08800000000000E+0003	 1.67045872317651E+0005
 2.08900000000000E+0003	 1.67237218327177E+0005
 2.09000000000000E+0003	 1.67425646868108E+0005
 2.09100000000000E+0003	 1.67611156152919E+0005
 2.09200000000000E+0003	 1.67793744300296E+0005
 2.09300000000000E+0003	 1.67973409467125E+0005
 2.09400000000000E+0003	 1.68150149239948E+0005
 2.09500000000000E+0003	 1.68323961227017E+0005
 2.09600000000000E+0003	 1.68494843586952E+0005
 2.09700000000000E+0003	 1.68663166779801E+0005
 2.09800000000000E+0003	 1.68829726775177E+0005
 2.09900000000000E+0003	 1.68994549183936E+0005
 2.10000000000000E+0003	 1.69157632928934E+0005
 2.10100000000000E+0003	 1.69318976918597E+0005
 2.10200000000000E+0003	 1.69478580032002E+0005
 2.10300000000000E+0003	 1.69636441189943E+0005
 2.10400000000000E+0003	 1.69792559368618E+0005
 2.10500000000000E+0003	 1.69946931462172E+0005
 2.10600000000000E+0003	 1.70099503383418E+0005
 2.10700000000000E+0003	 1.70250250316682E+0005
 2.10800000000000E+0003	 1.70399171123288E+0005
 2.10900000000000E+0003	 1.70546264597640E+0005
 2.11000000000000E+0003	 1.70691529629515E+0005
 2.11100000000000E+0003	 1.70834965072909E+0005
 2.11200000000000E+0003	 1.70976569809214E+0005
 2.11300000000000E+0003	 1.71116342689129E+0005
 2.11400000000000E+0003	 1.71254553973746E+0005
 2.11500000000000E+0003	 1.71392167551782E+0005
 2.11600000000000E+0003	 1.71529268324462E+0005
 2.11700000000000E+0003	 1.71665856009291E+0005
 2.11800000000000E+0003	 1.71801930255901E+0005
 2.11900000000000E+0003	 1.71937490744931E+0005
 2.12000000000000E+0003	 1.72072537147697E+0005
 2.12100000000000E+0003	 1.72207068554858E+0005
 2.12200000000000E+0003	 1.72341084997804E+0005
 2.12300000000000E+0003	 1.72475260829308E+0005
 2.12400000000000E+0003	 1.72610171526363E+0005
 2.12500000000000E+0003	 1.72745817560464E+0005
 2.12600000000000E+0003	 1.72882199378223E+0005
 2.12700000000000E+0003	 1.73019317399995E+0005
 2.12800000000000E+0003	 1.73157172047207E+0005
 2.12900000000000E+0003	 1.73295763821376E+0005
 2.13000000000000E+0003	 1.73435093194823E+0005
 2.13100000000000E+0003	 1.73575074924467E+0005
 2.13200000000000E+0003	 1.73714996546956E+0005
 2.13300000000000E+0003	 1.73854698454357E+0005
 2.13400000000000E+0003	 1.73994180572284E+0005
 2.13500000000000E+0003	 1.74133442747840E+0005
 2.13600000000000E+0003	 1.74272484856716E+0005
 2.13700000000000E+0003	 1.74411306760761E+0005
 2.13800000000000E+0003	 1.74549908317140E+0005
 2.13900000000000E+0003	 1.74688289380001E+0005
 2.14000000000000E+0003	 1.74826747053269E+0005
 2.14100000000000E+0003	 1.74965920347880E+0005
 2.14200000000000E+0003	 1.75105831307095E+0005
 2.14300000000000E+0003	 1.75246480392662E+0005
 2.14400000000000E+0003	 1.75387868055327E+0005
 2.14500000000000E+0003	 1.75529994718243E+0005
 2.14600000000000E+0003	 1.75672860841690E+0005
 2.14700000000000E+0003	 1.75816466947093E+0005
 2.14800000000000E+0003	 1.75960815196461E+0005
 2.14900000000000E+0003	 1.76106023895329E+0005
 2.15000000000000E+0003	 1.76252165005341E+0005
 2.15100000000000E+0003	 1.76399239091297E+0005
 2.15200000000000E+0003	 1.76547246674791E+0005
 2.15300000000000E+0003	 1.76696188359617E+0005
 2.15400000000000E+0003	 1.76846064716813E+0005
 2.15500000000000E+0003	 1.76996876349742E+0005
 2.15600000000000E+0003	 1.77148623832006E+0005
 2.15700000000000E+0003	 1.77301307718057E+0005
 2.15800000000000E+0003	 1.77454928502624E+0005
 2.15900000000000E+0003	 1.77609486834359E+0005
 2.16000000000000E+0003	 1.77764983332293E+0005
 2.16100000000000E+0003	 1.77921415237449E+0005
 2.16200000000000E+0003	 1.78078779708348E+0005
 2.16300000000000E+0003	 1.78237077312487E+0005
 2.16400000000000E+0003	 1.78396308625635E+0005
 2.16500000000000E+0003	 1.78556474120479E+0005
 2.16600000000000E+0003	 1.78717574425213E+0005
 2.16700000000000E+0003	 1.78879610132250E+0005
 2.16800000000000E+0003	 1.79042581839254E+0005
 2.16900000000000E+0003	 1.79206490119557E+0005
 2.17000000000000E+0003	 1.79371335520973E+0005
 2.17100000000000E+0003	 1.79537118588344E+0005
 2.17200000000000E+0003	 1.79703839949796E+0005
 2.17300000000000E+0003	 1.79871500202974E+0005
 2.17400000000000E+0003	 1.80040101451487E+0005
 2.17500000000000E+0003	 1.80209988709771E+0005
 2.17600000000000E+0003	 1.80381425436731E+0005
 2.17700000000000E+0003	 1.80554412320685E+0005
 2.17800000000000E+0003	 1.80728949978600E+0005
 2.17900000000000E+0003	 1.80905039359916E+0005
 2.18000000000000E+0003	 1.81082681412039E+0005
 2.18100000000000E+0003	 1.81261877075512E+0005
 2.18200000000000E+0003	 1.81442627285541E+0005
 2.18300000000000E+0003	 1.81624932935064E+0005
 2.18400000000000E+0003	 1.81808794969243E+0005
 2.18500000000000E+0003	 1.81994214415658E+0005
 2.18600000000000E+0003	 1.82181192233050E+0005
 2.18700000000000E+0003	 1.82369729371897E+0005
 2.18800000000000E+0003	 1.82559826755879E+0005
 2.18900000000000E+0003	 1.82751485339758E+0005
 2.19000000000000E+0003	 1.82944706144555E+0005
 2.19100000000000E+0003	 1.83139490094673E+0005
 2.19200000000000E+0003	 1.83336121533408E+0005
 2.19300000000000E+0003	 1.83535733964209E+0005
 2.19400000000000E+0003	 1.83738447077400E+0005
 2.19500000000000E+0003	 1.83944262727794E+0005
 2.19600000000000E+0003	 1.84153182846147E+0005
 2.19700000000000E+0003	 1.84365209335255E+0005
 2.19800000000000E+0003	 1.84580344132255E+0005
 2.19900000000000E+0003	 1.84798589145189E+0005
 2.20000000000000E+0003	 1.85019946264838E+0005
 2.20100000000000E+0003	 1.85244417325438E+0005
 2.20200000000000E+0003	 1.85472004303840E+0005
 2.20300000000000E+0003	 1.85702709162622E+0005
 2.20400000000000E+0003	 1.85936533794819E+0005
 2.20500000000000E+0003	 1.86173478863076E+0005
 2.20600000000000E+0003	 1.86413544976569E+0005
 2.20700000000000E+0003	 1.86656733985123E+0005
 2.20800000000000E+0003	 1.86903047654080E+0005
 2.20900000000000E+0003	 1.87152491366127E+0005
 2.21000000000000E+0003	 1.87405790206108E+0005
 2.21100000000000E+0003	 1.87663492051855E+0005
 2.21200000000000E+0003	 1.87925599527118E+0005
 2.21300000000000E+0003	 1.88192115226038E+0005
 2.21400000000000E+0003	 1.88463041737274E+0005
 2.21500000000000E+0003	 1.88738381737595E+0005
 2.21600000000000E+0003	 1.89018137873645E+0005
 2.21700000000000E+0003	 1.89302312769581E+0005
 2.21800000000000E+0003	 1.89590909050534E+0005
 2.21900000000000E+0003	 1.89883929313845E+0005
 2.22000000000000E+0003	 1.90181376241083E+0005
 2.22100000000000E+0003	 1.90483252473435E+0005
 2.22200000000000E+0003	 1.90789560642677E+0005
 2.22300000000000E+0003	 1.91100303402303E+0005
 2.22400000000000E+0003	 1.91415483395679E+0005
 2.22500000000000E+0003	 1.91735103259171E+0005
 2.22600000000000E+0003	 1.92059165593491E+0005
 2.22700000000000E+0003	 1.92387844482176E+0005
 2.22800000000000E+0003	 1.92722305910954E+0005
 2.22900000000000E+0003	 1.93062771488309E+0005
 2.23000000000000E+0003	 1.93409244803921E+0005
 2.23100000000000E+0003	 1.93761729423540E+0005
 2.23200000000000E+0003	 1.94120228938893E+0005
 2.23300000000000E+0003	 1.94484747015636E+0005
 2.23400000000000E+0003	 1.94855286217116E+0005
 2.23500000000000E+0003	 1.95231849062072E+0005
 2.23600000000000E+0003	 1.95614439116620E+0005
 2.23700000000000E+0003	 1.96003059922858E+0005
 2.23800000000000E+0003	 1.96397714986275E+0005
 2.23900000000000E+0003	 1.96798407874067E+0005
 2.24000000000000E+0003	 1.97205142143766E+0005
 2.24100000000000E+0003	 1.97617921391647E+0005
 2.24200000000000E+0003	 1.98036749180214E+0005
 2.24300000000000E+0003	 1.98461629056796E+0005
 2.24400000000000E+0003	 1.98892564516530E+0005
 2.24500000000000E+0003	 1.99329206810069E+0005
 2.24600000000000E+0003	 1.99770822395468E+0005
 2.24700000000000E+0003	 2.00217391028887E+0005
 2.24800000000000E+0003	 2.00668915625604E+0005
 2.24900000000000E+0003	 2.01125399112805E+0005
 2.25000000000000E+0003	 2.01586844414798E+0005
 2.25100000000000E+0003	 2.02053254371993E+0005
 2.25200000000000E+0003	 2.02524631954916E+0005
 2.25300000000000E+0003	 2.03000980118001E+0005
 2.25400000000000E+0003	 2.03482301824923E+0005
 2.25500000000000E+0003	 2.03968600023811E+0005
 2.25600000000000E+0003	 2.04459877633432E+0005
 2.25700000000000E+0003	 2.04956137562374E+0005
 2.25800000000000E+0003	 2.05457382810763E+0005
 2.25900000000000E+0003	 2.05963616348033E+0005
 2.26000000000000E+0003	 2.06474841124522E+0005
 2.26100000000000E+0003	 2.06991060089358E+0005
 2.26200000000000E+0003	 2.07512280780746E+0005
 2.26300000000000E+0003	 2.08040381649357E+0005
 2.26400000000000E+0003	 2.08576901523603E+0005
 2.26500000000000E+0003	 2.09121845417582E+0005
 2.26600000000000E+0003	 2.09675218361680E+0005
 2.26700000000000E+0003	 2.10237025376667E+0005
 2.26800000000000E+0003	 2.10807271480474E+0005
 2.26900000000000E+0003	 2.11385961657866E+0005
 2.27000000000000E+0003	 2.11973100915369E+0005
 2.27100000000000E+0003	 2.12568694383415E+0005
 2.27200000000000E+0003	 2.13172747112969E+0005
 2.27300000000000E+0003	 2.13785264155341E+0005
 2.27400000000000E+0003	 2.14406250539769E+0005
 2.27500000000000E+0003	 2.15035711314577E+0005
 2.27600000000000E+0003	 2.15673651609280E+0005
 2.27700000000000E+0003	 2.16320076468644E+0005
 2.27800000000000E+0003	 2.16974990943762E+0005
 2.27900000000000E+0003	 2.17638400134324E+0005
 2.28000000000000E+0003	 2.18310401769304E+0005
 2.28100000000000E+0003	 2.18993230441963E+0005
 2.28200000000000E+0003	 2.19687842908223E+0005
 2.28300000000000E+0003	 2.20394246225695E+0005
 2.28400000000000E+0003	 2.21112447497028E+0005
 2.28500000000000E+0003	 2.21842453792946E+0005
 2.28600000000000E+0003	 2.22584272172858E+0005
 2.28700000000000E+0003	 2.23337909650501E+0005
 2.28800000000000E+0003	 2.24103373352396E+0005
 2.28900000000000E+0003	 2.24880670434779E+0005
 2.29000000000000E+0003	 2.25669807980357E+0005
 2.29100000000000E+0003	 2.26470793086902E+0005
 2.29200000000000E+0003	 2.27283628076545E+0005
 2.29300000000000E+0003	 2.28108315062878E+0005
 2.29400000000000E+0003	 2.28944860798702E+0005
 2.29500000000000E+0003	 2.29793272153246E+0005
 2.29600000000000E+0003	 2.30653556003123E+0005
 2.29700000000000E+0003	 2.31525719188420E+0005
 2.29800000000000E+0003	 2.32409890547292E+0005
 2.29900000000000E+0003	 2.33307495653771E+0005
 2.30000000000000E+0003	 2.34218948576505E+0005
 2.30100000000000E+0003	 2.35144257374896E+0005
 2.30200000000000E+0003	 2.36083430081474E+0005
 2.30300000000000E+0003	 2.37036474716949E+0005
 2.30400000000000E+0003	 2.38003399302730E+0005
 2.30500000000000E+0003	 2.38984211842374E+0005
 2.30600000000000E+0003	 2.39978920404740E+0005
 2.30700000000000E+0003	 2.40986961003424E+0005
 2.30800000000000E+0003	 2.42002652848218E+0005
 2.30900000000000E+0003	 2.43024539815385E+0005
 2.31000000000000E+0003	 2.44052625522581E+0005
 2.31100000000000E+0003	 2.45086913566312E+0005
 2.31200000000000E+0003	 2.46127407502108E+0005
 2.31300000000000E+0003	 2.47174110890524E+0005
 2.31400000000000E+0003	 2.48227027430180E+0005
 2.31500000000000E+0003	 2.49286160733785E+0005
 2.31600000000000E+0003	 2.50350368139828E+0005
 2.31700000000000E+0003	 2.51408996080195E+0005
 2.31800000000000E+0003	 2.52459439057907E+0005
 2.31900000000000E+0003	 2.53501692376938E+0005
 2.32000000000000E+0003	 2.54535751259140E+0005
 2.32100000000000E+0003	 2.55561610911941E+0005
 2.32200000000000E+0003	 2.56579264664503E+0005
 2.32300000000000E+0003	 2.57588706014849E+0005
 2.32400000000000E+0003	 2.58589930214178E+0005
 2.32500000000000E+0003	 2.59583974202029E+0005
 2.32600000000000E+0003	 2.60580656856574E+0005
 2.32700000000000E+0003	 2.61582404447288E+0005
 2.32800000000000E+0003	 2.62589219897973E+0005
 2.32900000000000E+0003	 2.63601106121879E+0005
 2.33000000000000E+0003	 2.64618065976620E+0005
 2.33100000000000E+0003	 2.65640102408373E+0005
 2.33200000000000E+0003	 2.66667218412700E+0005
 2.33300000000000E+0003	 2.67699416902007E+0005
 2.33400000000000E+0003	 2.68736795513546E+0005
 2.33500000000000E+0003	 2.69780346799071E+0005
 2.33600000000000E+0003	 2.70830337605441E+0005
 2.33700000000000E+0003	 2.71886771571931E+0005
 2.33800000000000E+0003	 2.72949652425106E+0005
 2.33900000000000E+0003	 2.74018983904185E+0005
 2.34000000000000E+0003	 2.75094769729540E+0005
 2.34100000000000E+0003	 2.76177013653378E+0005
 2.34200000000000E+0003	 2.77265719416693E+0005
 2.34300000000000E+0003	 2.78360890713260E+0005
 2.34400000000000E+0003	 2.79462531330318E+0005
 2.34500000000000E+0003	 2.80570645028997E+0005
 2.34600000000000E+0003	 2.81685235554560E+0005
 2.34700000000000E+0003	 2.82806306647427E+0005
 2.34800000000000E+0003	 2.83933862029434E+0005
 2.34900000000000E+0003	 2.85067905469826E+0005
 2.35000000000000E+0003	 2.86208440745657E+0005
 2.35100000000000E+0003	 2.87355471605095E+0005
 2.35200000000000E+0003	 2.88509023998901E+0005
 2.35300000000000E+0003	 2.89669590956280E+0005
 2.35400000000000E+0003	 2.90837359233091E+0005
 2.35500000000000E+0003	 2.92012332834254E+0005
 2.35600000000000E+0003	 2.93194515753078E+0005
 2.35700000000000E+0003	 2.94383912091316E+0005
 2.35800000000000E+0003	 2.95580525924037E+0005
 2.35900000000000E+0003	 2.96784361341184E+0005
 2.36000000000000E+0003	 2.97995422379590E+0005
 2.36100000000000E+0003	 2.99213713084794E+0005
 2.36200000000000E+0003	 3.00439237582076E+0005
 2.36300000000000E+0003	 3.01671999934898E+0005
 2.36400000000000E+0003	 3.02912004186369E+0005
 2.36500000000000E+0003	 3.04159254349921E+0005
 2.36600000000000E+0003	 3.05413754574487E+0005
 2.36700000000000E+0003	 3.06675508926464E+0005
 2.36800000000000E+0003	 3.07944521491087E+0005
 2.36900000000000E+0003	 3.09220796319670E+0005
 2.37000000000000E+0003	 3.10504302945523E+0005
 2.37100000000000E+0003	 3.11791894316049E+0005
 2.37200000000000E+0003	 3.13081521493648E+0005
 2.37300000000000E+0003	 3.14373185569496E+0005
 2.37400000000000E+0003	 3.15666887700249E+0005
 2.37500000000000E+0003	 3.16962629115098E+0005
 2.37600000000000E+0003	 3.18260410952302E+0005
 2.37700000000000E+0003	 3.19560234348714E+0005
 2.37800000000000E+0003	 3.20862100438543E+0005
 2.37900000000000E+0003	 3.22166010366113E+0005
 2.38000000000000E+0003	 3.23471379791806E+0005
 2.38100000000000E+0003	 3.24777640018743E+0005
 2.38200000000000E+0003	 3.26084791486225E+0005
 2.38300000000000E+0003	 3.27392831271223E+0005
 2.38400000000000E+0003	 3.28701756406415E+0005
 2.38500000000000E+0003	 3.30011567398595E+0005
 2.38600000000000E+0003	 3.31322264695590E+0005
 2.38700000000000E+0003	 3.32633848834270E+0005
 2.38800000000000E+0003	 3.33946320299394E+0005
 2.38900000000000E+0003	 3.35258330991440E+0005
 2.39000000000000E+0003	 3.36567770780207E+0005
 2.39100000000000E+0003	 3.37874613116918E+0005
 2.39200000000000E+0003	 3.39178856557422E+0005
 2.39300000000000E+0003	 3.40480499688553E+0005
 2.39400000000000E+0003	 3.41779541041096E+0005
 2.39500000000000E+0003	 3.43075979094882E+0005
 2.39600000000000E+0003	 3.44369812459393E+0005
 2.39700000000000E+0003	 3.45661039699830E+0005
 2.39800000000000E+0003	 3.46949659331338E+0005
 2.39900000000000E+0003	 3.48235669834222E+0005
 2.40000000000000E+0003	 3.49519069788118E+0005
 2.40100000000000E+0003	 3.50799857768231E+0005
 2.40200000000000E+0003	 3.52078032365691E+0005
 2.40300000000000E+0003	 3.53353592100378E+0005
 2.40400000000000E+0003	 3.54626535490789E+0005
 2.40500000000000E+0003	 3.55896861130271E+0005
 2.40600000000000E+0003	 3.57164567559754E+0005
 2.40700000000000E+0003	 3.58428311282468E+0005
 2.40800000000000E+0003	 3.59682045519143E+0005
 2.40900000000000E+0003	 3.60925031163468E+0005
 2.41000000000000E+0003	 3.62157262196710E+0005
 2.41100000000000E+0003	 3.63378732591967E+0005
 2.41200000000000E+0003	 3.64589436296216E+0005
 2.41300000000000E+0003	 3.65789367269893E+0005
 2.41400000000000E+0003	 3.66978520264774E+0005
 2.41500000000000E+0003	 3.68156889949050E+0005
 2.41600000000000E+0003	 3.69324470203441E+0005
 2.41700000000000E+0003	 3.70481254945721E+0005
 2.41800000000000E+0003	 3.71627238185508E+0005
 2.41900000000000E+0003	 3.72762413836217E+0005
 2.42000000000000E+0003	 3.73886775789410E+0005
 2.42100000000000E+0003	 3.75000317930584E+0005
 2.42200000000000E+0003	 3.76103034175777E+0005
 2.42300000000000E+0003	 3.77194918368739E+0005
 2.42400000000000E+0003	 3.78275964372161E+0005
 2.42500000000000E+0003	 3.79346081354267E+0005
 2.42600000000000E+0003	 3.80402468264474E+0005
 2.42700000000000E+0003	 3.81443761900226E+0005
 2.42800000000000E+0003	 3.82469953762969E+0005
 2.42900000000000E+0003	 3.83481035277356E+0005
 2.43000000000000E+0003	 3.84476997947850E+0005
 2.43100000000000E+0003	 3.85457833235524E+0005
 2.43200000000000E+0003	 3.86423532593768E+0005
 2.43300000000000E+0003	 3.87374087476286E+0005
 2.43400000000000E+0003	 3.88309489294621E+0005
 2.43500000000000E+0003	 3.89229729464882E+0005
 2.43600000000000E+0003	 3.90134799456529E+0005
 2.43700000000000E+0003	 3.91024690654123E+0005
 2.43800000000000E+0003	 3.91899394400369E+0005
 2.43900000000000E+0003	 3.92758902141603E+0005
 2.44000000000000E+0003	 3.93603205293571E+0005
 2.44100000000000E+0003	 3.94432295214079E+0005
 2.44200000000000E+0003	 3.95246163202023E+0005
 2.44300000000000E+0003	 3.96044800673635E+0005
 2.44400000000000E+0003	 3.96827157055534E+0005
 2.44500000000000E+0003	 3.97590704354121E+0005
 2.44600000000000E+0003	 3.98335315906355E+0005
 2.44700000000000E+0003	 3.99060981474985E+0005
 2.44800000000000E+0003	 3.99767690890274E+0005
 2.44900000000000E+0003	 4.00455433937052E+0005
 2.45000000000000E+0003	 4.01124200291205E+0005
 2.45100000000000E+0003	 4.01773979671969E+0005
 2.45200000000000E+0003	 4.02404761901121E+0005
 2.45300000000000E+0003	 4.03017125897190E+0005
 2.45400000000000E+0003	 4.03614527927686E+0005
 2.45500000000000E+0003	 4.04197526266999E+0005
 2.45600000000000E+0003	 4.04766113110948E+0005
 2.45700000000000E+0003	 4.05320280734497E+0005
 2.45800000000000E+0003	 4.05860021354708E+0005
 2.45900000000000E+0003	 4.06385327119393E+0005
 2.46000000000000E+0003	 4.06896190189536E+0005
 2.46100000000000E+0003	 4.07392602843134E+0005
 2.46200000000000E+0003	 4.07874695179919E+0005
 2.46300000000000E+0003	 4.08345754364424E+0005
 2.46400000000000E+0003	 4.08807173983841E+0005
 2.46500000000000E+0003	 4.09258948824123E+0005
 2.46600000000000E+0003	 4.09701073617431E+0005
 2.46700000000000E+0003	 4.10133543082807E+0005
 2.46800000000000E+0003	 4.10556351954701E+0005
 2.46900000000000E+0003	 4.10969495015062E+0005
 2.47000000000000E+0003	 4.11372967068406E+0005
 2.47100000000000E+0003	 4.11766762896110E+0005
 2.47200000000000E+0003	 4.12150877194574E+0005
 2.47300000000000E+0003	 4.12525304741735E+0005
 2.47400000000000E+0003	 4.12890040285871E+0005
 2.47500000000000E+0003	 4.13245078468795E+0005
 2.47600000000000E+0003	 4.13590414108193E+0005
 2.47700000000000E+0003	 4.13926041627245E+0005
 2.47800000000000E+0003	 4.14251955448336E+0005
 2.47900000000000E+0003	 4.14568150386977E+0005
 2.48000000000000E+0003	 4.14874621151749E+0005
 2.48100000000000E+0003	 4.15173495258105E+0005
 2.48200000000000E+0003	 4.15472039203924E+0005
 2.48300000000000E+0003	 4.15770855439972E+0005
 2.48400000000000E+0003	 4.16069944094843E+0005
 2.48500000000000E+0003	 4.16369305224249E+0005
 2.48600000000000E+0003	 4.16668939035256E+0005
 2.48700000000000E+0003	 4.16968845688598E+0005
 2.48800000000000E+0003	 4.17269025368025E+0005
 2.48900000000000E+0003	 4.17569478223052E+0005
 2.49000000000000E+0003	 4.17870204374316E+0005
 2.49100000000000E+0003	 4.18171204016106E+0005
 2.49200000000000E+0003	 4.18472477321688E+0005
 2.49300000000000E+0003	 4.18774024352327E+0005
 2.49400000000000E+0003	 4.19075845213183E+0005
 2.49500000000000E+0003	 4.19377940122886E+0005
 2.49600000000000E+0003	 4.19680309246591E+0005
 2.49700000000000E+0003	 4.19982952706567E+0005
 2.49800000000000E+0003	 4.20285870638556E+0005
 2.49900000000000E+0003	 4.20589063168912E+0005
 2.50000000000000E+0003	 4.20895585407740E+0005
 2.50100000000000E+0003	 4.21208531748306E+0005
 2.50200000000000E+0003	 4.21527905671517E+0005
 2.50300000000000E+0003	 4.21853710628185E+0005
 2.50400000000000E+0003	 4.22185950223831E+0005
 2.50500000000000E+0003	 4.22524627922628E+0005
 2.50600000000000E+0003	 4.22869747229142E+0005
 2.50700000000000E+0003	 4.23221311644433E+0005
 2.50800000000000E+0003	 4.23579324688374E+0005
 2.50900000000000E+0003	 4.23943788556696E+0005
 2.51000000000000E+0003	 4.24314705332992E+0005
 2.51100000000000E+0003	 4.24692078435091E+0005
 2.51200000000000E+0003	 4.25075911298323E+0005
 2.51300000000000E+0003	 4.25466207404221E+0005
 2.51400000000000E+0003	 4.25862970214947E+0005
 2.51500000000000E+0003	 4.26266203121408E+0005
 2.51600000000000E+0003	 4.26675909599332E+0005
 2.51700000000000E+0003	 4.27092093109528E+0005
 2.51800000000000E+0003	 4.27514704256702E+0005
 2.51900000000000E+0003	 4.27942750856827E+0005
 2.52000000000000E+0003	 4.28375857709539E+0005
 2.52100000000000E+0003	 4.28814027473819E+0005
 2.52200000000000E+0003	 4.29257262923031E+0005
 2.52300000000000E+0003	 4.29705566710876E+0005
 2.52400000000000E+0003	 4.30158941490946E+0005
 2.52500000000000E+0003	 4.30617389982263E+0005
 2.52600000000000E+0003	 4.31080914920599E+0005
 2.52700000000000E+0003	 4.31549519005335E+0005
 2.52800000000000E+0003	 4.32023204849232E+0005
 2.52900000000000E+0003	 4.32501975229579E+0005
 2.53000000000000E+0003	 4.32985832857571E+0005
 2.53100000000000E+0003	 4.33474780499038E+0005
 2.53200000000000E+0003	 4.33968820870143E+0005
 2.53300000000000E+0003	 4.34467956659434E+0005
 2.53400000000000E+0003	 4.34972190634179E+0005
 2.53500000000000E+0003	 4.35481525551383E+0005
 2.53600000000000E+0003	 4.35995964051402E+0005
 2.53700000000000E+0003	 4.36515634992929E+0005
 2.53800000000000E+0003	 4.37041379625663E+0005
 2.53900000000000E+0003	 4.37573355432576E+0005
 2.54000000000000E+0003	 4.38111565723110E+0005
 2.54100000000000E+0003	 4.38656013840297E+0005
 2.54200000000000E+0003	 4.39206701811110E+0005
 2.54300000000000E+0003	 4.39763631705372E+0005
 2.54400000000000E+0003	 4.40326806843918E+0005
 2.54500000000000E+0003	 4.40896230480439E+0005
 2.54600000000000E+0003	 4.41471905839590E+0005
 2.54700000000000E+0003	 4.42053836320045E+0005
 2.54800000000000E+0003	 4.42642025191310E+0005
 2.54900000000000E+0003	 4.43236475746764E+0005
 2.55000000000000E+0003	 4.43837191287242E+0005
 2.55100000000000E+0003	 4.44444175119072E+0005
 2.55200000000000E+0003	 4.45057430534870E+0005
 2.55300000000000E+0003	 4.45676960755452E+0005
 2.55400000000000E+0003	 4.46302769109517E+0005
 2.55500000000000E+0003	 4.46934858896277E+0005
 2.55600000000000E+0003	 4.47573116529942E+0005
 2.55700000000000E+0003	 4.48217079662905E+0005
 2.55800000000000E+0003	 4.48866703029261E+0005
 2.55900000000000E+0003	 4.49521989634771E+0005
 2.56000000000000E+0003	 4.50182942507503E+0005
 2.56100000000000E+0003	 4.50849564562252E+0005
 2.56200000000000E+0003	 4.51521858857482E+0005
 2.56300000000000E+0003	 4.52199828407880E+0005
 2.56400000000000E+0003	 4.52883476179241E+0005
 2.56500000000000E+0003	 4.53572805257633E+0005
 2.56600000000000E+0003	 4.54267818600261E+0005
 2.56700000000000E+0003	 4.54968519181368E+0005
 2.56800000000000E+0003	 4.55674910013853E+0005
 2.56900000000000E+0003	 4.56386994153721E+0005
 2.57000000000000E+0003	 4.57104774607305E+0005
 2.57100000000000E+0003	 4.57828254306440E+0005
 2.57200000000000E+0003	 4.58557436309869E+0005
 2.57300000000000E+0003	 4.59292323646848E+0005
 2.57400000000000E+0003	 4.60032919412854E+0005
 2.57500000000000E+0003	 4.60779816409734E+0005
 2.57600000000000E+0003	 4.61534892781425E+0005
 2.57700000000000E+0003	 4.62298292143848E+0005
 2.57800000000000E+0003	 4.63070018976526E+0005
 2.57900000000000E+0003	 4.63850077637506E+0005
 2.58000000000000E+0003	 4.64638472524333E+0005
 2.58100000000000E+0003	 4.65435208138267E+0005
 2.58200000000000E+0003	 4.66240288958417E+0005
 2.58300000000000E+0003	 4.67053719395996E+0005
 2.58400000000000E+0003	 4.67875503938037E+0005
 2.58500000000000E+0003	 4.68705647004229E+0005
 2.58600000000000E+0003	 4.69544153114487E+0005
 2.58700000000000E+0003	 4.70391026786367E+0005
 2.58800000000000E+0003	 4.71246272465641E+0005
 2.58900000000000E+0003	 4.72109894550357E+0005
 2.59000000000000E+0003	 4.72981897635753E+0005
 2.59100000000000E+0003	 4.73862286188268E+0005
 2.59200000000000E+0003	 4.74751064686127E+0005
 2.59300000000000E+0003	 4.75648237627193E+0005
 2.59400000000000E+0003	 4.76553920517716E+0005
 2.59500000000000E+0003	 4.77468479646690E+0005
 2.59600000000000E+0003	 4.78391947593749E+0005
 2.59700000000000E+0003	 4.79324329179266E+0005
 2.59800000000000E+0003	 4.80265629146649E+0005
 2.59900000000000E+0003	 4.81215852332256E+0005
 2.60000000000000E+0003	 4.82175003569725E+0005
 2.60100000000000E+0003	 4.83143087606057E+0005
 2.60200000000000E+0003	 4.84120109242112E+0005
 2.60300000000000E+0003	 4.85106030576543E+0005
 2.60400000000000E+0003	 4.86098039733943E+0005
 2.60500000000000E+0003	 4.87094443038274E+0005
 2.60600000000000E+0003	 4.88095242870513E+0005
 2.60700000000000E+0003	 4.89100441552325E+0005
 2.60800000000000E+0003	 4.90110036674349E+0005
 2.60900000000000E+0003	 4.91124025616499E+0005
 2.61000000000000E+0003	 4.92142410636310E+0005
 2.61100000000000E+0003	 4.93165193997968E+0005
 2.61200000000000E+0003	 4.94192378034782E+0005
 2.61300000000000E+0003	 4.95224434764101E+0005
 2.61400000000000E+0003	 4.96263369674318E+0005
 2.61500000000000E+0003	 4.97309413377448E+0005
 2.61600000000000E+0003	 4.98362569559053E+0005
 2.61700000000000E+0003	 4.99422841999109E+0005
 2.61800000000000E+0003	 5.00490234390133E+0005
 2.61900000000000E+0003	 5.01564750396997E+0005
 2.62000000000000E+0003	 5.02646393764948E+0005
 2.62100000000000E+0003	 5.03735168250473E+0005
 2.62200000000000E+0003	 5.04831077480137E+0005
 2.62300000000000E+0003	 5.05934125113495E+0005
 2.62400000000000E+0003	 5.07044314909801E+0005
 2.62500000000000E+0003	 5.08161650590834E+0005
 2.62600000000000E+0003	 5.09286135843834E+0005
 2.62700000000000E+0003	 5.10417774445191E+0005
 2.62800000000000E+0003	 5.11556570072622E+0005
 2.62900000000000E+0003	 5.12702526499510E+0005
 2.63000000000000E+0003	 5.13855647516207E+0005
 2.63100000000000E+0003	 5.15015936833808E+0005
 2.63200000000000E+0003	 5.16182715907200E+0005
 2.63300000000000E+0003	 5.17350795227757E+0005
 2.63400000000000E+0003	 5.18519096419509E+0005
 2.63500000000000E+0003	 5.19687619576840E+0005
 2.63600000000000E+0003	 5.20856364827930E+0005
 2.63700000000000E+0003	 5.22025332280204E+0005
 2.63800000000000E+0003	 5.23194521984952E+0005
 2.63900000000000E+0003	 5.24363933988646E+0005
 2.64000000000000E+0003	 5.25533568492410E+0005
 2.64100000000000E+0003	 5.26703425555989E+0005
 2.64200000000000E+0003	 5.27873501950296E+0005
 2.64300000000000E+0003	 5.29043794449333E+0005
 2.64400000000000E+0003	 5.30214303118968E+0005
 2.64500000000000E+0003	 5.31385028065347E+0005
 2.64600000000000E+0003	 5.32555969449966E+0005
 2.64700000000000E+0003	 5.33727127283166E+0005
 2.64800000000000E+0003	 5.34898501722874E+0005
 2.64900000000000E+0003	 5.36070092931526E+0005
 2.65000000000000E+0003	 5.37241900974315E+0005
 2.65100000000000E+0003	 5.38413957901695E+0005
 2.65200000000000E+0003	 5.39587106304455E+0005
 2.65300000000000E+0003	 5.40761720747115E+0005
 2.65400000000000E+0003	 5.41937801947434E+0005
 2.65500000000000E+0003	 5.43115350717605E+0005
 2.65600000000000E+0003	 5.44294367766177E+0005
 2.65700000000000E+0003	 5.45474853772534E+0005
 2.65800000000000E+0003	 5.46656809548610E+0005
 2.65900000000000E+0003	 5.47840235801854E+0005
 2.66000000000000E+0003	 5.49025133405967E+0005
 2.66100000000000E+0003	 5.50211503114179E+0005
 2.66200000000000E+0003	 5.51399345652596E+0005
 2.66300000000000E+0003	 5.52588661808390E+0005
 2.66400000000000E+0003	 5.53779452397846E+0005
 2.66500000000000E+0003	 5.54971718099710E+0005
 2.66600000000000E+0003	 5.56165459612522E+0005
 2.66700000000000E+0003	 5.57360677731209E+0005
 2.66800000000000E+0003	 5.58557373233392E+0005
 2.66900000000000E+0003	 5.59755546835611E+0005
 2.67000000000000E+0003	 5.60955199356709E+0005
 2.67100000000000E+0003	 5.62153365344214E+0005
 2.67200000000000E+0003	 5.63346293583832E+0005
 2.67300000000000E+0003	 5.64533968964670E+0005
 2.67400000000000E+0003	 5.65716388763215E+0005
 2.67500000000000E+0003	 5.66893550176244E+0005
 2.67600000000000E+0003	 5.68065447612666E+0005
 2.67700000000000E+0003	 5.69232075410632E+0005
 2.67800000000000E+0003	 5.70393430872601E+0005
 2.67900000000000E+0003	 5.71549511349378E+0005
 2.68000000000000E+0003	 5.72700167592267E+0005
 2.68100000000000E+0003	 5.73842573992003E+0005
 2.68200000000000E+0003	 5.74975643392704E+0005
 2.68300000000000E+0003	 5.76099371183295E+0005
 2.68400000000000E+0003	 5.77213752556312E+0005
 2.68500000000000E+0003	 5.78318782815412E+0005
 2.68600000000000E+0003	 5.79414457293489E+0005
 2.68700000000000E+0003	 5.80500771207134E+0005
 2.68800000000000E+0003	 5.81577719796786E+0005
 2.68900000000000E+0003	 5.82645298364072E+0005
 2.69000000000000E+0003	 5.83702542893526E+0005
 2.69100000000000E+0003	 5.84745237582295E+0005
 2.69200000000000E+0003	 5.85772880088408E+0005
 2.69300000000000E+0003	 5.86785462697325E+0005
 2.69400000000000E+0003	 5.87782977835524E+0005
 2.69500000000000E+0003	 5.88765417810007E+0005
 2.69600000000000E+0003	 5.89732774961706E+0005
 2.69700000000000E+0003	 5.90685041569439E+0005
 2.69800000000000E+0003	 5.91622210029716E+0005
 2.69900000000000E+0003	 5.92544272624078E+0005
 2.70000000000000E+0003	 5.93451221586613E+0005
