		 1.97000000000000E+0002
 1.00000000000000E+0003	 5.44863530188858E+0004
 1.00100000000000E+0003	 5.45039201784811E+0004
 1.00200000000000E+0003	 5.45216074794419E+0004
 1.00300000000000E+0003	 5.45388141435835E+0004
 1.00400000000000E+0003	 5.45559804786482E+0004
 1.00500000000000E+0003	 5.45732077738827E+0004
 1.00600000000000E+0003	 5.45899118238944E+0004
 1.00700000000000E+0003	 5.46073332769584E+0004
 1.00800000000000E+0003	 5.46249570211786E+0004
 1.00900000000000E+0003	 5.46420911041547E+0004
 1.01000000000000E+0003	 5.46589385385043E+0004
 1.01100000000000E+0003	 5.46759527921644E+0004
 1.01200000000000E+0003	 5.46930898095359E+0004
 1.01300000000000E+0003	 5.47101414120933E+0004
 1.01400000000000E+0003	 5.47271539396522E+0004
 1.01500000000000E+0003	 5.47437191280558E+0004
 1.01600000000000E+0003	 5.47602651466567E+0004
 1.01700000000000E+0003	 5.47773713288539E+0004
 1.01800000000000E+0003	 5.47950269896143E+0004
 1.01900000000000E+0003	 5.48126460874763E+0004
 1.02000000000000E+0003	 5.48311063534019E+0004
 1.02100000000000E+0003	 5.48496968455979E+0004
 1.02200000000000E+0003	 5.48624317120994E+0004
 1.02300000000000E+0003	 5.48812508008308E+0004
 1.02400000000000E+0003	 5.49003622493402E+0004
 1.02500000000000E+0003	 5.49198529555914E+0004
 1.02600000000000E+0003	 5.49403503301737E+0004
 1.02700000000000E+0003	 5.49608097104166E+0004
 1.02800000000000E+0003	 5.49818078532427E+0004
 1.02900000000000E+0003	 5.50032924902869E+0004
 1.03000000000000E+0003	 5.50249327289626E+0004
 1.03100000000000E+0003	 5.50477641088249E+0004
 1.03200000000000E+0003	 5.50705174539204E+0004
 1.03300000000000E+0003	 5.50934003843916E+0004
 1.03400000000000E+0003	 5.51163803551556E+0004
 1.03500000000000E+0003	 5.51388929238275E+0004
 1.03600000000000E+0003	 5.51613354709354E+0004
 1.03700000000000E+0003	 5.51830327996786E+0004
 1.03800000000000E+0003	 5.52040559704710E+0004
 1.03900000000000E+0003	 5.52246189608483E+0004
 1.04000000000000E+0003	 5.52444056077619E+0004
 1.04100000000000E+0003	 5.52634468314222E+0004
 1.04200000000000E+0003	 5.52825540595418E+0004
 1.04300000000000E+0003	 5.53010228044802E+0004
 1.04400000000000E+0003	 5.53188692918512E+0004
 1.04500000000000E+0003	 5.53369385522579E+0004
 1.04600000000000E+0003	 5.53405309628687E+0004
 1.04700000000000E+0003	 5.53551726397361E+0004
 1.04800000000000E+0003	 5.53697044875543E+0004
 1.04900000000000E+0003	 5.53834600515944E+0004
 1.05000000000000E+0003	 5.53962189340639E+0004
 1.05100000000000E+0003	 5.54092790621896E+0004
 1.05200000000000E+0003	 5.54217916284814E+0004
 1.05300000000000E+0003	 5.54345135593437E+0004
 1.05400000000000E+0003	 5.54480418365486E+0004
 1.05500000000000E+0003	 5.54625695592598E+0004
 1.05600000000000E+0003	 5.54779472690086E+0004
 1.05700000000000E+0003	 5.54945948220471E+0004
 1.05800000000000E+0003	 5.55119084884366E+0004
 1.05900000000000E+0003	 5.55302833248187E+0004
 1.06000000000000E+0003	 5.55499909242555E+0004
 1.06100000000000E+0003	 5.55705841784874E+0004
 1.06200000000000E+0003	 5.55921291063416E+0004
 1.06300000000000E+0003	 5.56151394069469E+0004
 1.06400000000000E+0003	 5.56391065968138E+0004
 1.06500000000000E+0003	 5.56646702097406E+0004
 1.06600000000000E+0003	 5.56920119927810E+0004
 1.06700000000000E+0003	 5.57200039162277E+0004
 1.06800000000000E+0003	 5.57494321469736E+0004
 1.06900000000000E+0003	 5.57801911838002E+0004
 1.07000000000000E+0003	 5.58115803355420E+0004
 1.07100000000000E+0003	 5.58210696858909E+0004
 1.07200000000000E+0003	 5.58507708959601E+0004
 1.07300000000000E+0003	 5.58802324273457E+0004
 1.07400000000000E+0003	 5.59096708949648E+0004
 1.07500000000000E+0003	 5.59384457296560E+0004
 1.07600000000000E+0003	 5.59669497945079E+0004
 1.07700000000000E+0003	 5.59950450961709E+0004
 1.07800000000000E+0003	 5.60227858362329E+0004
 1.07900000000000E+0003	 5.60503398767382E+0004
 1.08000000000000E+0003	 5.60776758533465E+0004
 1.08100000000000E+0003	 5.61043108230804E+0004
 1.08200000000000E+0003	 5.61306187081612E+0004
 1.08300000000000E+0003	 5.61569378325349E+0004
 1.08400000000000E+0003	 5.61826032150464E+0004
 1.08500000000000E+0003	 5.62084735020699E+0004
 1.08600000000000E+0003	 5.62403418991837E+0004
 1.08700000000000E+0003	 5.63048499162342E+0004
 1.08800000000000E+0003	 5.64944862222246E+0004
 1.08900000000000E+0003	 5.69885022388962E+0004
 1.09000000000000E+0003	 5.79853974872723E+0004
 1.09100000000000E+0003	 5.95731317942187E+0004
 1.09200000000000E+0003	 6.16652980053588E+0004
 1.09300000000000E+0003	 6.40411234837714E+0004
 1.09400000000000E+0003	 6.64406299693851E+0004
 1.09500000000000E+0003	 6.86481487817639E+0004
 1.09600000000000E+0003	 7.05313141596893E+0004
 1.09700000000000E+0003	 7.20426610501231E+0004
 1.09800000000000E+0003	 7.31651809035449E+0004
 1.09900000000000E+0003	 7.40145525725755E+0004
 1.10000000000000E+0003	 7.46182380268804E+0004
 1.10100000000000E+0003	 7.50377170721194E+0004
 1.10200000000000E+0003	 7.53355608236757E+0004
 1.10300000000000E+0003	 7.55624738195030E+0004
 1.10400000000000E+0003	 7.57429692402306E+0004
 1.10500000000000E+0003	 7.58841688048185E+0004
 1.10600000000000E+0003	 7.59901927857802E+0004
 1.10700000000000E+0003	 7.60681280827819E+0004
 1.10800000000000E+0003	 7.61286365685213E+0004
 1.10900000000000E+0003	 7.61818381811430E+0004
 1.11000000000000E+0003	 7.62343953629543E+0004
 1.11100000000000E+0003	 7.62875513493187E+0004
 1.11200000000000E+0003	 7.63409790207803E+0004
 1.11300000000000E+0003	 7.63952413111312E+0004
 1.11400000000000E+0003	 7.64489840817994E+0004
 1.11500000000000E+0003	 7.65010368434580E+0004
 1.11600000000000E+0003	 7.65511234493097E+0004
 1.11700000000000E+0003	 7.65995502920453E+0004
 1.11800000000000E+0003	 7.66460577734928E+0004
 1.11900000000000E+0003	 7.66909185280904E+0004
 1.12000000000000E+0003	 7.67349900273950E+0004
 1.12100000000000E+0003	 7.67793240391818E+0004
 1.12200000000000E+0003	 7.68247237912810E+0004
 1.12300000000000E+0003	 7.68713217969609E+0004
 1.12400000000000E+0003	 7.69188850423997E+0004
 1.12500000000000E+0003	 7.69680399321812E+0004
 1.12600000000000E+0003	 7.70186986121875E+0004
 1.12700000000000E+0003	 7.70718491839622E+0004
 1.12800000000000E+0003	 7.70808566070306E+0004
 1.12900000000000E+0003	 7.71383496546889E+0004
 1.13000000000000E+0003	 7.72003877441561E+0004
 1.13100000000000E+0003	 7.72719905792439E+0004
 1.13200000000000E+0003	 7.73642665883746E+0004
 1.13300000000000E+0003	 7.74959779591840E+0004
 1.13400000000000E+0003	 7.76828088923145E+0004
 1.13500000000000E+0003	 7.79343146323684E+0004
 1.13600000000000E+0003	 7.82537380284079E+0004
 1.13700000000000E+0003	 7.86393999287919E+0004
 1.13800000000000E+0003	 7.90870913327471E+0004
 1.13900000000000E+0003	 7.95892846099233E+0004
 1.14000000000000E+0003	 8.01369582252222E+0004
 1.14100000000000E+0003	 8.07252352963882E+0004
 1.14200000000000E+0003	 8.13505416041669E+0004
 1.14300000000000E+0003	 8.20095442275070E+0004
 1.14400000000000E+0003	 8.26862745728966E+0004
 1.14500000000000E+0003	 8.33503453748711E+0004
 1.14600000000000E+0003	 8.39638626988377E+0004
 1.14700000000000E+0003	 8.44979396769057E+0004
 1.14800000000000E+0003	 8.49403614250811E+0004
 1.14900000000000E+0003	 8.52903218170824E+0004
 1.15000000000000E+0003	 8.55531585795035E+0004
 1.15100000000000E+0003	 8.57452183028326E+0004
 1.15200000000000E+0003	 8.58909443450189E+0004
 1.15300000000000E+0003	 8.60107795753595E+0004
 1.15400000000000E+0003	 8.61161100743199E+0004
 1.15500000000000E+0003	 8.62099004015701E+0004
 1.15600000000000E+0003	 8.62928627296572E+0004
 1.15700000000000E+0003	 8.63668398149800E+0004
 1.15800000000000E+0003	 8.64339232298702E+0004
 1.15900000000000E+0003	 8.64422653407170E+0004
 1.16000000000000E+0003	 8.65012726938853E+0004
 1.16100000000000E+0003	 8.65585925766011E+0004
 1.16200000000000E+0003	 8.66136110844865E+0004
 1.16300000000000E+0003	 8.66666829098271E+0004
 1.16400000000000E+0003	 8.67182099280320E+0004
 1.16500000000000E+0003	 8.67681145493662E+0004
 1.16600000000000E+0003	 8.68163212750562E+0004
 1.16700000000000E+0003	 8.68630935926506E+0004
 1.16800000000000E+0003	 8.69078984641166E+0004
 1.16900000000000E+0003	 8.69512060902962E+0004
 1.17000000000000E+0003	 8.69929786487053E+0004
 1.17100000000000E+0003	 8.70333346511582E+0004
 1.17200000000000E+0003	 8.70733935017291E+0004
 1.17300000000000E+0003	 8.71123291774835E+0004
 1.17400000000000E+0003	 8.71505788946303E+0004
 1.17500000000000E+0003	 8.71884999432693E+0004
 1.17600000000000E+0003	 8.72252954060147E+0004
 1.17700000000000E+0003	 8.72613960524663E+0004
 1.17800000000000E+0003	 8.72961939192427E+0004
 1.17900000000000E+0003	 8.73306511461027E+0004
 1.18000000000000E+0003	 8.73638521081888E+0004
 1.18100000000000E+0003	 8.73962311880700E+0004
 1.18200000000000E+0003	 8.74275767033474E+0004
 1.18300000000000E+0003	 8.74585421523219E+0004
 1.18400000000000E+0003	 8.74886931466861E+0004
 1.18500000000000E+0003	 8.75194055225138E+0004
 1.18600000000000E+0003	 8.75496552488758E+0004
 1.18700000000000E+0003	 8.75805084227227E+0004
 1.18800000000000E+0003	 8.76115023613751E+0004
 1.18900000000000E+0003	 8.76424693310760E+0004
 1.19000000000000E+0003	 8.76735174092818E+0004
 1.19100000000000E+0003	 8.77052372909191E+0004
 1.19200000000000E+0003	 8.77365175787913E+0004
 1.19300000000000E+0003	 8.77103896712099E+0004
 1.19400000000000E+0003	 8.77441610876666E+0004
 1.19500000000000E+0003	 8.77777717238689E+0004
 1.19600000000000E+0003	 8.78114734855636E+0004
 1.19700000000000E+0003	 8.78448183070617E+0004
 1.19800000000000E+0003	 8.78767767238907E+0004
 1.19900000000000E+0003	 8.79075897997942E+0004
 1.20000000000000E+0003	 8.79366519421538E+0004
 1.20100000000000E+0003	 8.79641826475561E+0004
 1.20200000000000E+0003	 8.79898894289732E+0004
 1.20300000000000E+0003	 8.80148364471584E+0004
 1.20400000000000E+0003	 8.80374389994052E+0004
 1.20500000000000E+0003	 8.80584134449056E+0004
 1.20600000000000E+0003	 8.80783258240324E+0004
 1.20700000000000E+0003	 8.80962900092571E+0004
 1.20800000000000E+0003	 8.81130760913354E+0004
 1.20900000000000E+0003	 8.81294491001894E+0004
 1.21000000000000E+0003	 8.81460475567745E+0004
 1.21100000000000E+0003	 8.81644441044381E+0004
 1.21200000000000E+0003	 8.81838241927696E+0004
 1.21300000000000E+0003	 8.82045158505417E+0004
 1.21400000000000E+0003	 8.82270306745323E+0004
 1.21500000000000E+0003	 8.82501897024593E+0004
 1.21600000000000E+0003	 8.82745833827531E+0004
 1.21700000000000E+0003	 8.83008913395373E+0004
 1.21800000000000E+0003	 8.83279266474292E+0004
 1.21900000000000E+0003	 8.83562226449023E+0004
 1.22000000000000E+0003	 8.83858533817816E+0004
 1.22100000000000E+0003	 8.84157677549565E+0004
 1.22200000000000E+0003	 8.84465343437524E+0004
 1.22300000000000E+0003	 8.84770214695079E+0004
 1.22400000000000E+0003	 8.85069730367388E+0004
 1.22500000000000E+0003	 8.85361835459175E+0004
 1.22600000000000E+0003	 8.85645148265358E+0004
 1.22700000000000E+0003	 8.85925207600206E+0004
 1.22800000000000E+0003	 8.86194466718097E+0004
 1.22900000000000E+0003	 8.85887284106583E+0004
 1.23000000000000E+0003	 8.86177229165054E+0004
 1.23100000000000E+0003	 8.86463094515677E+0004
 1.23200000000000E+0003	 8.86746496056417E+0004
 1.23300000000000E+0003	 8.87029382666089E+0004
 1.23400000000000E+0003	 8.87315465126441E+0004
 1.23500000000000E+0003	 8.87603825125629E+0004
 1.23600000000000E+0003	 8.87917658213921E+0004
 1.23700000000000E+0003	 8.88248313545930E+0004
 1.23800000000000E+0003	 8.88607608254722E+0004
 1.23900000000000E+0003	 8.88998770550475E+0004
 1.24000000000000E+0003	 8.89411148245229E+0004
 1.24100000000000E+0003	 8.89854264461769E+0004
 1.24200000000000E+0003	 8.90324452010632E+0004
 1.24300000000000E+0003	 8.90819255305150E+0004
 1.24400000000000E+0003	 8.91338648244990E+0004
 1.24500000000000E+0003	 8.91890191703265E+0004
 1.24600000000000E+0003	 8.92461302079037E+0004
 1.24700000000000E+0003	 8.93053540456905E+0004
 1.24800000000000E+0003	 8.93656510603079E+0004
 1.24900000000000E+0003	 8.94261041416600E+0004
 1.25000000000000E+0003	 8.94845574724188E+0004
 1.25100000000000E+0003	 8.95411662187136E+0004
 1.25200000000000E+0003	 8.95955494410059E+0004
 1.25300000000000E+0003	 8.96479454764445E+0004
 1.25400000000000E+0003	 8.96977405371678E+0004
 1.25500000000000E+0003	 8.97452195155202E+0004
 1.25600000000000E+0003	 8.97904119678990E+0004
 1.25700000000000E+0003	 8.98329885041151E+0004
 1.25800000000000E+0003	 8.98732754518623E+0004
 1.25900000000000E+0003	 8.99115261593695E+0004
 1.26000000000000E+0003	 8.99472829813678E+0004
 1.26100000000000E+0003	 8.99818019635885E+0004
 1.26200000000000E+0003	 9.00167729144476E+0004
 1.26300000000000E+0003	 9.00529034062132E+0004
 1.26400000000000E+0003	 9.00911709781874E+0004
 1.26500000000000E+0003	 9.01314848798137E+0004
 1.26600000000000E+0003	 9.01747996349953E+0004
 1.26700000000000E+0003	 9.02197905011364E+0004
 1.26800000000000E+0003	 9.02675341509521E+0004
 1.26900000000000E+0003	 9.03182778010920E+0004
 1.27000000000000E+0003	 9.03239735553464E+0004
 1.27100000000000E+0003	 9.03830868245023E+0004
 1.27200000000000E+0003	 9.04452900154040E+0004
 1.27300000000000E+0003	 9.05098899672062E+0004
 1.27400000000000E+0003	 9.05751982801419E+0004
 1.27500000000000E+0003	 9.06405669224212E+0004
 1.27600000000000E+0003	 9.07036695781004E+0004
 1.27700000000000E+0003	 9.07631346951570E+0004
 1.27800000000000E+0003	 9.08186855118574E+0004
 1.27900000000000E+0003	 9.08704900121185E+0004
 1.28000000000000E+0003	 9.09205365003218E+0004
 1.28100000000000E+0003	 9.09729144064144E+0004
 1.28200000000000E+0003	 9.10347513557659E+0004
 1.28300000000000E+0003	 9.11126042299089E+0004
 1.28400000000000E+0003	 9.12094135918997E+0004
 1.28500000000000E+0003	 9.13268540843406E+0004
 1.28600000000000E+0003	 9.14637508708928E+0004
 1.28700000000000E+0003	 9.16176264849297E+0004
 1.28800000000000E+0003	 9.17819808946153E+0004
 1.28900000000000E+0003	 9.19495732241407E+0004
 1.29000000000000E+0003	 9.21136778729646E+0004
 1.29100000000000E+0003	 9.22718094184863E+0004
 1.29200000000000E+0003	 9.24229760465128E+0004
 1.29300000000000E+0003	 9.25668940468949E+0004
 1.29400000000000E+0003	 9.27037046143290E+0004
 1.29500000000000E+0003	 9.28332527278021E+0004
 1.29600000000000E+0003	 9.29557565322656E+0004
 1.29700000000000E+0003	 9.30716599230843E+0004
 1.29800000000000E+0003	 9.31824296405759E+0004
 1.29900000000000E+0003	 9.32918756023385E+0004
 1.30000000000000E+0003	 9.34030656631337E+0004
 1.30100000000000E+0003	 9.35186223360432E+0004
 1.30200000000000E+0003	 9.36382892217066E+0004
 1.30300000000000E+0003	 9.37623102839630E+0004
 1.30400000000000E+0003	 9.38901122144305E+0004
 1.30500000000000E+0003	 9.40217224306761E+0004
 1.30600000000000E+0003	 9.41570088885843E+0004
 1.30700000000000E+0003	 9.42957301014691E+0004
 1.30800000000000E+0003	 9.44381572568770E+0004
 1.30900000000000E+0003	 9.45847360179097E+0004
 1.31000000000000E+0003	 9.47348909586308E+0004
 1.31100000000000E+0003	 9.48887276348454E+0004
 1.31200000000000E+0003	 9.50467859515668E+0004
 1.31300000000000E+0003	 9.52082354307964E+0004
 1.31400000000000E+0003	 9.53402837202101E+0004
 1.31500000000000E+0003	 9.55141270780817E+0004
 1.31600000000000E+0003	 9.56920021017389E+0004
 1.31700000000000E+0003	 9.58735056382123E+0004
 1.31800000000000E+0003	 9.60583627273532E+0004
 1.31900000000000E+0003	 9.62470404617466E+0004
 1.32000000000000E+0003	 9.64390204092467E+0004
 1.32100000000000E+0003	 9.66346667775737E+0004
 1.32200000000000E+0003	 9.68339497286504E+0004
 1.32300000000000E+0003	 9.70362368677016E+0004
 1.32400000000000E+0003	 9.72422279988298E+0004
 1.32500000000000E+0003	 9.74513277787857E+0004
 1.32600000000000E+0003	 9.76641149379508E+0004
 1.32700000000000E+0003	 9.78818416174810E+0004
 1.32800000000000E+0003	 9.81067139107632E+0004
 1.32900000000000E+0003	 9.83444531626585E+0004
 1.33000000000000E+0003	 9.85994902963441E+0004
 1.33100000000000E+0003	 9.88753915074192E+0004
 1.33200000000000E+0003	 9.91726560411515E+0004
 1.33300000000000E+0003	 9.94918686080007E+0004
 1.33400000000000E+0003	 9.98332194880302E+0004
 1.33500000000000E+0003	 1.00196460562500E+0005
 1.33600000000000E+0003	 1.00581432194043E+0005
 1.33700000000000E+0003	 1.00988585385142E+0005
 1.33800000000000E+0003	 1.01417452994597E+0005
 1.33900000000000E+0003	 1.01869292441208E+0005
 1.34000000000000E+0003	 1.02344993764920E+0005
 1.34100000000000E+0003	 1.02850760132815E+0005
 1.34200000000000E+0003	 1.03402423606617E+0005
 1.34300000000000E+0003	 1.04021684705104E+0005
 1.34400000000000E+0003	 1.04732055714989E+0005
 1.34500000000000E+0003	 1.05555485483782E+0005
 1.34600000000000E+0003	 1.06518153360013E+0005
 1.34700000000000E+0003	 1.07636221828408E+0005
 1.34800000000000E+0003	 1.08888420563767E+0005
 1.34900000000000E+0003	 1.10201396562792E+0005
 1.35000000000000E+0003	 1.11473882390500E+0005
 1.35100000000000E+0003	 1.12628441589538E+0005
 1.35200000000000E+0003	 1.13633046873184E+0005
 1.35300000000000E+0003	 1.14484641706767E+0005
 1.35400000000000E+0003	 1.15191811056787E+0005
 1.35500000000000E+0003	 1.15772972628933E+0005
 1.35600000000000E+0003	 1.16259455903392E+0005
 1.35700000000000E+0003	 1.16687738799381E+0005
 1.35800000000000E+0003	 1.17089260598248E+0005
 1.35900000000000E+0003	 1.17487558604043E+0005
 1.36000000000000E+0003	 1.17904704568267E+0005
 1.36100000000000E+0003	 1.18344781963685E+0005
 1.36200000000000E+0003	 1.18874326352622E+0005
 1.36300000000000E+0003	 1.19500754440406E+0005
 1.36400000000000E+0003	 1.20256565151385E+0005
 1.36500000000000E+0003	 1.21162919465116E+0005
 1.36600000000000E+0003	 1.22229455459675E+0005
 1.36700000000000E+0003	 1.23457984682620E+0005
 1.36800000000000E+0003	 1.24853518639509E+0005
 1.36900000000000E+0003	 1.26427200482784E+0005
 1.37000000000000E+0003	 1.28200058003215E+0005
 1.37100000000000E+0003	 1.30190557801963E+0005
 1.37200000000000E+0003	 1.32396008959139E+0005
 1.37300000000000E+0003	 1.34784160544790E+0005
 1.37400000000000E+0003	 1.37300946944902E+0005
 1.37500000000000E+0003	 1.39891545192337E+0005
 1.37600000000000E+0003	 1.42499207942066E+0005
 1.37700000000000E+0003	 1.45053962093242E+0005
 1.37800000000000E+0003	 1.47487681714542E+0005
 1.37900000000000E+0003	 1.49751233406230E+0005
 1.38000000000000E+0003	 1.51811737541415E+0005
 1.38100000000000E+0003	 1.53644248822872E+0005
 1.38200000000000E+0003	 1.55240386386682E+0005
 1.38300000000000E+0003	 1.56621853901062E+0005
 1.38400000000000E+0003	 1.57837145401876E+0005
 1.38500000000000E+0003	 1.58936141822629E+0005
 1.38600000000000E+0003	 1.59948620350504E+0005
 1.38700000000000E+0003	 1.60884517915677E+0005
 1.38800000000000E+0003	 1.61746552094912E+0005
 1.38900000000000E+0003	 1.62535779300956E+0005
 1.39000000000000E+0003	 1.63254054230627E+0005
 1.39100000000000E+0003	 1.63904561842026E+0005
 1.39200000000000E+0003	 1.64491751841709E+0005
 1.39300000000000E+0003	 1.65016621352706E+0005
 1.39400000000000E+0003	 1.65479775723906E+0005
 1.39500000000000E+0003	 1.65882686543560E+0005
 1.39600000000000E+0003	 1.66228705080703E+0005
 1.39700000000000E+0003	 1.66527768651197E+0005
 1.39800000000000E+0003	 1.66794719426243E+0005
 1.39900000000000E+0003	 1.67044532648186E+0005
 1.40000000000000E+0003	 1.67284972899386E+0005
 1.40100000000000E+0003	 1.67519315916987E+0005
 1.40200000000000E+0003	 1.67747813910765E+0005
 1.40300000000000E+0003	 1.67972320266144E+0005
 1.40400000000000E+0003	 1.68193951451085E+0005
 1.40500000000000E+0003	 1.68416009422966E+0005
 1.40600000000000E+0003	 1.68642592718711E+0005
 1.40700000000000E+0003	 1.68873843161575E+0005
 1.40800000000000E+0003	 1.69111405197336E+0005
 1.40900000000000E+0003	 1.69355098397193E+0005
 1.41000000000000E+0003	 1.69606806746019E+0005
 1.41100000000000E+0003	 1.69868173210373E+0005
 1.41200000000000E+0003	 1.70144557947981E+0005
 1.41300000000000E+0003	 1.70441005253436E+0005
 1.41400000000000E+0003	 1.70766006067656E+0005
 1.41500000000000E+0003	 1.71111333013427E+0005
 1.41600000000000E+0003	 1.71479947792295E+0005
 1.41700000000000E+0003	 1.71872466021347E+0005
 1.41800000000000E+0003	 1.72292004236271E+0005
 1.41900000000000E+0003	 1.72744051924468E+0005
 1.42000000000000E+0003	 1.73231654674471E+0005
 1.42100000000000E+0003	 1.73756192404512E+0005
 1.42200000000000E+0003	 1.74315720237945E+0005
 1.42300000000000E+0003	 1.74905110292165E+0005
 1.42400000000000E+0003	 1.75516951248356E+0005
 1.42500000000000E+0003	 1.76135624602180E+0005
 1.42600000000000E+0003	 1.76740032399849E+0005
 1.42700000000000E+0003	 1.77308782486367E+0005
 1.42800000000000E+0003	 1.77831429478006E+0005
 1.42900000000000E+0003	 1.78308111624328E+0005
 1.43000000000000E+0003	 1.78743282065149E+0005
 1.43100000000000E+0003	 1.79142272530114E+0005
 1.43200000000000E+0003	 1.79507182494383E+0005
 1.43300000000000E+0003	 1.79840902792531E+0005
 1.43400000000000E+0003	 1.80144070527531E+0005
 1.43500000000000E+0003	 1.80417069796096E+0005
 1.43600000000000E+0003	 1.80661762994565E+0005
 1.43700000000000E+0003	 1.80877176373246E+0005
 1.43800000000000E+0003	 1.81065563494993E+0005
 1.43900000000000E+0003	 1.81228736680011E+0005
 1.44000000000000E+0003	 1.81373188112033E+0005
 1.44100000000000E+0003	 1.81502363730440E+0005
 1.44200000000000E+0003	 1.81620430935021E+0005
 1.44300000000000E+0003	 1.81728354721769E+0005
 1.44400000000000E+0003	 1.81826646982996E+0005
 1.44500000000000E+0003	 1.81915020751211E+0005
 1.44600000000000E+0003	 1.81993741115623E+0005
 1.44700000000000E+0003	 1.82063370789879E+0005
 1.44800000000000E+0003	 1.82124163178359E+0005
 1.44900000000000E+0003	 1.82177484255759E+0005
 1.45000000000000E+0003	 1.82225857982653E+0005
 1.45100000000000E+0003	 1.82272024260795E+0005
 1.45200000000000E+0003	 1.82318349973399E+0005
 1.45300000000000E+0003	 1.82365340727027E+0005
 1.45400000000000E+0003	 1.82412510187945E+0005
 1.45500000000000E+0003	 1.82460427384167E+0005
 1.45600000000000E+0003	 1.82509064404033E+0005
 1.45700000000000E+0003	 1.82558540811479E+0005
 1.45800000000000E+0003	 1.82607838087506E+0005
 1.45900000000000E+0003	 1.82658052139949E+0005
 1.46000000000000E+0003	 1.82708789255621E+0005
 1.46100000000000E+0003	 1.82759750046730E+0005
 1.46200000000000E+0003	 1.82810910379501E+0005
 1.46300000000000E+0003	 1.82862131476464E+0005
 1.46400000000000E+0003	 1.82913425684388E+0005
 1.46500000000000E+0003	 1.82964188927441E+0005
 1.46600000000000E+0003	 1.83014830508637E+0005
 1.46700000000000E+0003	 1.83065198660840E+0005
 1.46800000000000E+0003	 1.83115974200401E+0005
 1.46900000000000E+0003	 1.83166308885680E+0005
 1.47000000000000E+0003	 1.83243693856524E+0005
 1.47100000000000E+0003	 1.83298610222607E+0005
 1.47200000000000E+0003	 1.83352886519714E+0005
 1.47300000000000E+0003	 1.83406882918193E+0005
 1.47400000000000E+0003	 1.83461451905145E+0005
 1.47500000000000E+0003	 1.83515207750132E+0005
 1.47600000000000E+0003	 1.83569150062335E+0005
 1.47700000000000E+0003	 1.83622924744333E+0005
 1.47800000000000E+0003	 1.83676520865265E+0005
 1.47900000000000E+0003	 1.83729814963611E+0005
 1.48000000000000E+0003	 1.83782210242781E+0005
 1.48100000000000E+0003	 1.83835373848448E+0005
 1.48200000000000E+0003	 1.83888339102226E+0005
 1.48300000000000E+0003	 1.83942748918320E+0005
 1.48400000000000E+0003	 1.83998831874391E+0005
 1.48500000000000E+0003	 1.84056843499598E+0005
 1.48600000000000E+0003	 1.84117812383860E+0005
 1.48700000000000E+0003	 1.84180696817081E+0005
 1.48800000000000E+0003	 1.84246275530801E+0005
 1.48900000000000E+0003	 1.84313987529283E+0005
 1.49000000000000E+0003	 1.84384725895698E+0005
 1.49100000000000E+0003	 1.84456506748512E+0005
 1.49200000000000E+0003	 1.84531682436269E+0005
 1.49300000000000E+0003	 1.84609237048823E+0005
 1.49400000000000E+0003	 1.84688934103993E+0005
 1.49500000000000E+0003	 1.84770908395037E+0005
 1.49600000000000E+0003	 1.84854974575170E+0005
 1.49700000000000E+0003	 1.84942072361243E+0005
 1.49800000000000E+0003	 1.85031132084630E+0005
 1.49900000000000E+0003	 1.85123210212548E+0005
 1.50000000000000E+0003	 1.85217510418256E+0005
 1.50100000000000E+0003	 1.85314193889973E+0005
 1.50200000000000E+0003	 1.85413481882793E+0005
 1.50300000000000E+0003	 1.85514195174268E+0005
 1.50400000000000E+0003	 1.85616595584862E+0005
 1.50500000000000E+0003	 1.85718963427425E+0005
 1.50600000000000E+0003	 1.85821570623742E+0005
 1.50700000000000E+0003	 1.85922212491367E+0005
 1.50800000000000E+0003	 1.86022657119531E+0005
 1.50900000000000E+0003	 1.86122058630267E+0005
 1.51000000000000E+0003	 1.86219916673677E+0005
 1.51100000000000E+0003	 1.86316426474894E+0005
 1.51200000000000E+0003	 1.86411532179145E+0005
 1.51300000000000E+0003	 1.86506349020706E+0005
 1.51400000000000E+0003	 1.86599990803686E+0005
 1.51500000000000E+0003	 1.86693134954068E+0005
 1.51600000000000E+0003	 1.86785001805368E+0005
 1.51700000000000E+0003	 1.86875870111213E+0005
 1.51800000000000E+0003	 1.86965866450264E+0005
 1.51900000000000E+0003	 1.87055280593278E+0005
 1.52000000000000E+0003	 1.87143713513214E+0005
 1.52100000000000E+0003	 1.87231157460708E+0005
 1.52200000000000E+0003	 1.87317717512589E+0005
 1.52300000000000E+0003	 1.87403076739430E+0005
 1.52400000000000E+0003	 1.87488062935586E+0005
 1.52500000000000E+0003	 1.87572940156884E+0005
 1.52600000000000E+0003	 1.87659396923330E+0005
 1.52700000000000E+0003	 1.87748660192247E+0005
 1.52800000000000E+0003	 1.87842684784319E+0005
 1.52900000000000E+0003	 1.87941698786155E+0005
 1.53000000000000E+0003	 1.88044885647628E+0005
 1.53100000000000E+0003	 1.88153167996730E+0005
 1.53200000000000E+0003	 1.88266175567672E+0005
 1.53300000000000E+0003	 1.88439749618851E+0005
 1.53400000000000E+0003	 1.88567297780542E+0005
 1.53500000000000E+0003	 1.88699783772614E+0005
 1.53600000000000E+0003	 1.88837187782590E+0005
 1.53700000000000E+0003	 1.88979552765164E+0005
 1.53800000000000E+0003	 1.89126431923444E+0005
 1.53900000000000E+0003	 1.89278166445626E+0005
 1.54000000000000E+0003	 1.89434939250033E+0005
 1.54100000000000E+0003	 1.89596698534094E+0005
 1.54200000000000E+0003	 1.89762496803660E+0005
 1.54300000000000E+0003	 1.89933553188355E+0005
 1.54400000000000E+0003	 1.90109406124153E+0005
 1.54500000000000E+0003	 1.90290602605205E+0005
 1.54600000000000E+0003	 1.90476317249498E+0005
 1.54700000000000E+0003	 1.90665026175674E+0005
 1.54800000000000E+0003	 1.90854817077029E+0005
 1.54900000000000E+0003	 1.91043231963901E+0005
 1.55000000000000E+0003	 1.91228427965259E+0005
 1.55100000000000E+0003	 1.91408960101811E+0005
 1.55200000000000E+0003	 1.91586209095495E+0005
 1.55300000000000E+0003	 1.91759665980448E+0005
 1.55400000000000E+0003	 1.91927988737739E+0005
 1.55500000000000E+0003	 1.92092276191092E+0005
 1.55600000000000E+0003	 1.92253031422492E+0005
 1.55700000000000E+0003	 1.92409825105791E+0005
 1.55800000000000E+0003	 1.92561851005506E+0005
 1.55900000000000E+0003	 1.92710036538455E+0005
 1.56000000000000E+0003	 1.92855298572078E+0005
 1.56100000000000E+0003	 1.92996089887159E+0005
 1.56200000000000E+0003	 1.93133000689850E+0005
 1.56300000000000E+0003	 1.93266328763278E+0005
 1.56400000000000E+0003	 1.93396290926465E+0005
 1.56500000000000E+0003	 1.93521602982960E+0005
 1.56600000000000E+0003	 1.93643328329267E+0005
 1.56700000000000E+0003	 1.93761472059234E+0005
 1.56800000000000E+0003	 1.93876016307064E+0005
 1.56900000000000E+0003	 1.93988354490193E+0005
 1.57000000000000E+0003	 1.94103180649382E+0005
 1.57100000000000E+0003	 1.94223831585300E+0005
 1.57200000000000E+0003	 1.94353227174386E+0005
 1.57300000000000E+0003	 1.94493373121559E+0005
 1.57400000000000E+0003	 1.94644451474454E+0005
 1.57500000000000E+0003	 1.94806467948888E+0005
 1.57600000000000E+0003	 1.94979632642147E+0005
 1.57700000000000E+0003	 1.95163639990617E+0005
 1.57800000000000E+0003	 1.95359248455533E+0005
 1.57900000000000E+0003	 1.95565292925161E+0005
 1.58000000000000E+0003	 1.95782390818370E+0005
 1.58100000000000E+0003	 1.96010381631030E+0005
 1.58200000000000E+0003	 1.96249468692792E+0005
 1.58300000000000E+0003	 1.96498737027551E+0005
 1.58400000000000E+0003	 1.96756334476267E+0005
 1.58500000000000E+0003	 1.97020345214499E+0005
 1.58600000000000E+0003	 1.97286240190560E+0005
 1.58700000000000E+0003	 1.97551808420734E+0005
 1.58800000000000E+0003	 1.97816035876562E+0005
 1.58900000000000E+0003	 1.98078483752744E+0005
 1.59000000000000E+0003	 1.98339332868742E+0005
 1.59100000000000E+0003	 1.98598641315258E+0005
 1.59200000000000E+0003	 1.98856215903680E+0005
 1.59300000000000E+0003	 1.99113059866299E+0005
 1.59400000000000E+0003	 1.99367780685646E+0005
 1.59500000000000E+0003	 1.99620818254524E+0005
 1.59600000000000E+0003	 1.99871752568993E+0005
 1.59700000000000E+0003	 2.00121065662742E+0005
 1.59800000000000E+0003	 2.00369264011253E+0005
 1.59900000000000E+0003	 2.00617206514758E+0005
 1.60000000000000E+0003	 2.00865683650117E+0005
 1.60100000000000E+0003	 2.01196167776428E+0005
 1.60200000000000E+0003	 2.01454389761485E+0005
 1.60300000000000E+0003	 2.01714608072258E+0005
 1.60400000000000E+0003	 2.01978514956017E+0005
 1.60500000000000E+0003	 2.02243856339026E+0005
 1.60600000000000E+0003	 2.02510068558298E+0005
 1.60700000000000E+0003	 2.02777390065499E+0005
 1.60800000000000E+0003	 2.03047001068979E+0005
 1.60900000000000E+0003	 2.03318611531889E+0005
 1.61000000000000E+0003	 2.03592994459818E+0005
 1.61100000000000E+0003	 2.03869243366258E+0005
 1.61200000000000E+0003	 2.04147858787023E+0005
 1.61300000000000E+0003	 2.04429656756366E+0005
 1.61400000000000E+0003	 2.04713778276303E+0005
 1.61500000000000E+0003	 2.05001082005353E+0005
 1.61600000000000E+0003	 2.05291538757337E+0005
 1.61700000000000E+0003	 2.05585742143748E+0005
 1.61800000000000E+0003	 2.05883003339323E+0005
 1.61900000000000E+0003	 2.06183697573334E+0005
 1.62000000000000E+0003	 2.06487731466226E+0005
 1.62100000000000E+0003	 2.06795343465676E+0005
 1.62200000000000E+0003	 2.07107474306045E+0005
 1.62300000000000E+0003	 2.07424743520710E+0005
 1.62400000000000E+0003	 2.07747770799174E+0005
 1.62500000000000E+0003	 2.08077579171733E+0005
 1.62600000000000E+0003	 2.08413987716296E+0005
 1.62700000000000E+0003	 2.08757067462665E+0005
 1.62800000000000E+0003	 2.09106899958262E+0005
 1.62900000000000E+0003	 2.09463441004068E+0005
 1.63000000000000E+0003	 2.09826671057131E+0005
 1.63100000000000E+0003	 2.10196398342684E+0005
 1.63200000000000E+0003	 2.10573004198896E+0005
 1.63300000000000E+0003	 2.10955612618174E+0005
 1.63400000000000E+0003	 2.11345457897187E+0005
 1.63500000000000E+0003	 2.11741452524688E+0005
 1.63600000000000E+0003	 2.12144838498307E+0005
 1.63700000000000E+0003	 2.12554882859050E+0005
 1.63800000000000E+0003	 2.12973268923324E+0005
 1.63900000000000E+0003	 2.13400800662485E+0005
 1.64000000000000E+0003	 2.13837547419322E+0005
 1.64100000000000E+0003	 2.14283539659727E+0005
 1.64200000000000E+0003	 2.14738852845617E+0005
 1.64300000000000E+0003	 2.15203838917676E+0005
 1.64400000000000E+0003	 2.15678395401092E+0005
 1.64500000000000E+0003	 2.16163152752945E+0005
 1.64600000000000E+0003	 2.16657233707935E+0005
 1.64700000000000E+0003	 2.17161467605260E+0005
 1.64800000000000E+0003	 2.17674345443279E+0005
 1.64900000000000E+0003	 2.18197230628800E+0005
 1.65000000000000E+0003	 2.18729496709835E+0005
 1.65100000000000E+0003	 2.19270484629336E+0005
 1.65200000000000E+0003	 2.19819984482362E+0005
 1.65300000000000E+0003	 2.20376191729652E+0005
 1.65400000000000E+0003	 2.20938779175308E+0005
 1.65500000000000E+0003	 2.21506559222329E+0005
 1.65600000000000E+0003	 2.22078867330621E+0005
 1.65700000000000E+0003	 2.22655780002832E+0005
 1.65800000000000E+0003	 2.23238218665393E+0005
 1.65900000000000E+0003	 2.23827797674288E+0005
 1.66000000000000E+0003	 2.24426959856239E+0005
 1.66100000000000E+0003	 2.25040101560150E+0005
 1.66200000000000E+0003	 2.25670446547806E+0005
 1.66300000000000E+0003	 2.26318521045459E+0005
 1.66400000000000E+0003	 2.26985331593033E+0005
 1.66500000000000E+0003	 2.27670700542883E+0005
 1.66600000000000E+0003	 2.28375156996890E+0005
 1.66700000000000E+0003	 2.29097345325687E+0005
 1.66800000000000E+0003	 2.29836730660765E+0005
 1.66900000000000E+0003	 2.30591557477816E+0005
 1.67000000000000E+0003	 2.31361989594210E+0005
 1.67100000000000E+0003	 2.32146914626144E+0005
 1.67200000000000E+0003	 2.32946415871806E+0005
 1.67300000000000E+0003	 2.33761811246959E+0005
 1.67400000000000E+0003	 2.34593723769980E+0005
 1.67500000000000E+0003	 2.35446192051224E+0005
 1.67600000000000E+0003	 2.36324151215394E+0005
 1.67700000000000E+0003	 2.37337958998657E+0005
 1.67800000000000E+0003	 2.38280338134355E+0005
 1.67900000000000E+0003	 2.39256885527584E+0005
 1.68000000000000E+0003	 2.40265491456081E+0005
 1.68100000000000E+0003	 2.41308437021358E+0005
 1.68200000000000E+0003	 2.42385163957714E+0005
 1.68300000000000E+0003	 2.43499636203921E+0005
 1.68400000000000E+0003	 2.44652751627660E+0005
 1.68500000000000E+0003	 2.45847353067552E+0005
 1.68600000000000E+0003	 2.47083476613353E+0005
 1.68700000000000E+0003	 2.48362958856121E+0005
 1.68800000000000E+0003	 2.49683790002508E+0005
 1.68900000000000E+0003	 2.51045414129217E+0005
 1.69000000000000E+0003	 2.52442263905737E+0005
 1.69100000000000E+0003	 2.53867462127544E+0005
 1.69200000000000E+0003	 2.55311779469782E+0005
 1.69300000000000E+0003	 2.56770370475968E+0005
 1.69400000000000E+0003	 2.58236771359984E+0005
 1.69500000000000E+0003	 2.59703003536629E+0005
 1.69600000000000E+0003	 2.61155972481531E+0005
 1.69700000000000E+0003	 2.62584828454432E+0005
 1.69800000000000E+0003	 2.63979966646096E+0005
 1.69900000000000E+0003	 2.65334950535240E+0005
 1.70000000000000E+0003	 2.66645192880040E+0005
 1.70100000000000E+0003	 2.67907510299389E+0005
 1.70200000000000E+0003	 2.69122057274097E+0005
 1.70300000000000E+0003	 2.70287686670333E+0005
 1.70400000000000E+0003	 2.71405963540554E+0005
 1.70500000000000E+0003	 2.72480096373788E+0005
 1.70600000000000E+0003	 2.73517284571193E+0005
 1.70700000000000E+0003	 2.74525098992619E+0005
 1.70800000000000E+0003	 2.75511882470884E+0005
 1.70900000000000E+0003	 2.76478937794608E+0005
 1.71000000000000E+0003	 2.77429072016931E+0005
 1.71100000000000E+0003	 2.78360689827970E+0005
 1.71200000000000E+0003	 2.79274601548908E+0005
 1.71300000000000E+0003	 2.80171829042915E+0005
 1.71400000000000E+0003	 2.81055056247308E+0005
 1.71500000000000E+0003	 2.81924563051032E+0005
 1.71600000000000E+0003	 2.82783236378367E+0005
 1.71700000000000E+0003	 2.83630855820804E+0005
 1.71800000000000E+0003	 2.84467971737079E+0005
 1.71900000000000E+0003	 2.85294717508250E+0005
 1.72000000000000E+0003	 2.86112268658453E+0005
 1.72100000000000E+0003	 2.86925101193673E+0005
 1.72200000000000E+0003	 2.87738132703845E+0005
 1.72300000000000E+0003	 2.88558331513832E+0005
 1.72400000000000E+0003	 2.89387766903031E+0005
 1.72500000000000E+0003	 2.90228749470439E+0005
 1.72600000000000E+0003	 2.91079766879019E+0005
 1.72700000000000E+0003	 2.91942142574507E+0005
 1.72800000000000E+0003	 2.92816022994152E+0005
 1.72900000000000E+0003	 2.93703004999300E+0005
 1.73000000000000E+0003	 2.94603990808606E+0005
 1.73100000000000E+0003	 2.95522081535209E+0005
 1.73200000000000E+0003	 2.96456460990364E+0005
 1.73300000000000E+0003	 2.97409374479482E+0005
 1.73400000000000E+0003	 2.98379008804817E+0005
 1.73500000000000E+0003	 2.99366555765417E+0005
 1.73600000000000E+0003	 3.00369555767653E+0005
 1.73700000000000E+0003	 3.01387529530665E+0005
 1.73800000000000E+0003	 3.02415859388731E+0005
 1.73900000000000E+0003	 3.03454374581720E+0005
 1.74000000000000E+0003	 3.04500254381086E+0005
 1.74100000000000E+0003	 3.05555524445604E+0005
 1.74200000000000E+0003	 3.06617598587001E+0005
 1.74300000000000E+0003	 3.07686738799180E+0005
 1.74400000000000E+0003	 3.08762403143521E+0005
 1.74500000000000E+0003	 3.09841683593318E+0005
 1.74600000000000E+0003	 3.10921510008453E+0005
 1.74700000000000E+0003	 3.11999689878276E+0005
 1.74800000000000E+0003	 3.13076476307803E+0005
 1.74900000000000E+0003	 3.14151242561278E+0005
 1.75000000000000E+0003	 3.15223784775640E+0005
 1.75100000000000E+0003	 3.16296108098046E+0005
 1.75200000000000E+0003	 3.17371422304321E+0005
 1.75300000000000E+0003	 3.18455331776033E+0005
 1.75400000000000E+0003	 3.19553717508633E+0005
 1.75500000000000E+0003	 3.20669994666952E+0005
 1.75600000000000E+0003	 3.21807136519234E+0005
 1.75700000000000E+0003	 3.22963928359615E+0005
 1.75800000000000E+0003	 3.24140084591855E+0005
 1.75900000000000E+0003	 3.25337101672485E+0005
 1.76000000000000E+0003	 3.26553285282053E+0005
 1.76100000000000E+0003	 3.27915414060846E+0005
 1.76200000000000E+0003	 3.29169740039573E+0005
 1.76300000000000E+0003	 3.30440315651225E+0005
 1.76400000000000E+0003	 3.31728977234519E+0005
 1.76500000000000E+0003	 3.33035034649329E+0005
 1.76600000000000E+0003	 3.34357286373902E+0005
 1.76700000000000E+0003	 3.35695244854085E+0005
 1.76800000000000E+0003	 3.37045382487437E+0005
 1.76900000000000E+0003	 3.38402475321814E+0005
 1.77000000000000E+0003	 3.39763271135684E+0005
 1.77100000000000E+0003	 3.41124387118895E+0005
 1.77200000000000E+0003	 3.42487171408535E+0005
 1.77300000000000E+0003	 3.43849906223583E+0005
 1.77400000000000E+0003	 3.45213868455411E+0005
 1.77500000000000E+0003	 3.46579937664724E+0005
 1.77600000000000E+0003	 3.47950795393359E+0005
 1.77700000000000E+0003	 3.49329267841830E+0005
 1.77800000000000E+0003	 3.50719994435954E+0005
 1.77900000000000E+0003	 3.52121830003412E+0005
 1.78000000000000E+0003	 3.53537397788273E+0005
 1.78100000000000E+0003	 3.54964678771726E+0005
 1.78200000000000E+0003	 3.56404900402091E+0005
 1.78300000000000E+0003	 3.57857617871142E+0005
 1.78400000000000E+0003	 3.59323018757996E+0005
 1.78500000000000E+0003	 3.60800534259765E+0005
 1.78600000000000E+0003	 3.62292005135878E+0005
 1.78700000000000E+0003	 3.63794909592600E+0005
 1.78800000000000E+0003	 3.65311149029581E+0005
 1.78900000000000E+0003	 3.66840184510513E+0005
 1.79000000000000E+0003	 3.68382493761980E+0005
 1.79100000000000E+0003	 3.69938350858256E+0005
 1.79200000000000E+0003	 3.71511175067711E+0005
 1.79300000000000E+0003	 3.73102218660665E+0005
 1.79400000000000E+0003	 3.74713142025491E+0005
 1.79500000000000E+0003	 3.76346366220222E+0005
 1.79600000000000E+0003	 3.78000890599788E+0005
 1.79700000000000E+0003	 3.79675207778034E+0005
 1.79800000000000E+0003	 3.81371640165103E+0005
 1.79900000000000E+0003	 3.83089011436117E+0005
 1.80000000000000E+0003	 3.84828207101588E+0005
 1.80100000000000E+0003	 3.86588596926444E+0005
 1.80200000000000E+0003	 3.88369968518621E+0005
 1.80300000000000E+0003	 3.90174194150338E+0005
 1.80400000000000E+0003	 3.91999706342880E+0005
 1.80500000000000E+0003	 3.93846114661006E+0005
 1.80600000000000E+0003	 3.95714589569821E+0005
 1.80700000000000E+0003	 3.97603611703981E+0005
 1.80800000000000E+0003	 3.99513903494389E+0005
 1.80900000000000E+0003	 4.01442891754971E+0005
 1.81000000000000E+0003	 4.03390154088997E+0005
 1.81100000000000E+0003	 4.05357229515394E+0005
 1.81200000000000E+0003	 4.07342452098906E+0005
 1.81300000000000E+0003	 4.09345504853993E+0005
 1.81400000000000E+0003	 4.11368167648583E+0005
 1.81500000000000E+0003	 4.13409351152283E+0005
 1.81600000000000E+0003	 4.15468702034078E+0005
 1.81700000000000E+0003	 4.17547281177572E+0005
 1.81800000000000E+0003	 4.19643433350478E+0005
 1.81900000000000E+0003	 4.21759864448977E+0005
 1.82000000000000E+0003	 4.23894651970157E+0005
 1.82100000000000E+0003	 4.26048091346047E+0005
 1.82200000000000E+0003	 4.28222031462208E+0005
 1.82300000000000E+0003	 4.30420307666740E+0005
 1.82400000000000E+0003	 4.32647894164287E+0005
 1.82500000000000E+0003	 4.34911914627250E+0005
 1.82600000000000E+0003	 4.37214925671459E+0005
 1.82700000000000E+0003	 4.39561207247050E+0005
 1.82800000000000E+0003	 4.41948905742348E+0005
 1.82900000000000E+0003	 4.44378774943620E+0005
 1.83000000000000E+0003	 4.46850331638979E+0005
 1.83100000000000E+0003	 4.49364418977999E+0005
 1.83200000000000E+0003	 4.51920071777769E+0005
 1.83300000000000E+0003	 4.54518528280937E+0005
 1.83400000000000E+0003	 4.57158290903745E+0005
 1.83500000000000E+0003	 4.59841733910018E+0005
 1.83600000000000E+0003	 4.62567151138568E+0005
 1.83700000000000E+0003	 4.65335350770540E+0005
 1.83800000000000E+0003	 4.68147555292557E+0005
 1.83900000000000E+0003	 4.71002624101867E+0005
 1.84000000000000E+0003	 4.73903598020422E+0005
 1.84100000000000E+0003	 4.76852377998305E+0005
 1.84200000000000E+0003	 4.79847047103281E+0005
 1.84300000000000E+0003	 4.82891030162613E+0005
 1.84400000000000E+0003	 4.85983321685163E+0005
 1.84500000000000E+0003	 4.89124034677333E+0005
 1.84600000000000E+0003	 4.92313353175280E+0005
 1.84700000000000E+0003	 4.95551360140074E+0005
 1.84800000000000E+0003	 4.98837603805190E+0005
 1.84900000000000E+0003	 5.02173725851000E+0005
 1.85000000000000E+0003	 5.05556719917479E+0005
 1.85100000000000E+0003	 5.08990150965889E+0005
 1.85200000000000E+0003	 5.12472327747940E+0005
 1.85300000000000E+0003	 5.16002441590966E+0005
 1.85400000000000E+0003	 5.19581412503073E+0005
 1.85500000000000E+0003	 5.23350148502980E+0005
 1.85600000000000E+0003	 5.27011326873588E+0005
 1.85700000000000E+0003	 5.30706020454038E+0005
 1.85800000000000E+0003	 5.34427246861813E+0005
 1.85900000000000E+0003	 5.38176233688234E+0005
 1.86000000000000E+0003	 5.41951675413835E+0005
 1.86100000000000E+0003	 5.45754007592176E+0005
 1.86200000000000E+0003	 5.49583285872570E+0005
 1.86300000000000E+0003	 5.53439440470264E+0005
 1.86400000000000E+0003	 5.57323313075361E+0005
 1.86500000000000E+0003	 5.61237400317712E+0005
 1.86600000000000E+0003	 5.65179652486058E+0005
 1.86700000000000E+0003	 5.69153368708223E+0005
 1.86800000000000E+0003	 5.73157824711233E+0005
 1.86900000000000E+0003	 5.77192325954020E+0005
 1.87000000000000E+0003	 5.81260417451910E+0005
 1.87100000000000E+0003	 5.85362545760095E+0005
 1.87200000000000E+0003	 5.89508175352482E+0005
 1.87300000000000E+0003	 5.93704687636725E+0005
 1.87400000000000E+0003	 5.97957057293692E+0005
 1.87500000000000E+0003	 6.02270156076924E+0005
 1.87600000000000E+0003	 6.06642000516354E+0005
 1.87700000000000E+0003	 6.11074477732446E+0005
 1.87800000000000E+0003	 6.15568116657074E+0005
 1.87900000000000E+0003	 6.20123388958749E+0005
 1.88000000000000E+0003	 6.24743664432390E+0005
 1.88100000000000E+0003	 6.29433677865816E+0005
 1.88200000000000E+0003	 6.34195795034916E+0005
 1.88300000000000E+0003	 6.39032749422924E+0005
 1.88400000000000E+0003	 6.43943611638893E+0005
 1.88500000000000E+0003	 6.48927824041276E+0005
 1.88600000000000E+0003	 6.53988849888819E+0005
 1.88700000000000E+0003	 6.59127111012864E+0005
 1.88800000000000E+0003	 6.64348060576922E+0005
 1.88900000000000E+0003	 6.69658058110659E+0005
 1.89000000000000E+0003	 6.75063210847122E+0005
 1.89100000000000E+0003	 6.80564458406698E+0005
 1.89200000000000E+0003	 6.86163692893922E+0005
 1.89300000000000E+0003	 6.91861128732137E+0005
 1.89400000000000E+0003	 6.97659118001070E+0005
 1.89500000000000E+0003	 7.03560765886658E+0005
 1.89600000000000E+0003	 7.09581493561008E+0005
 1.89700000000000E+0003	 7.15734787925420E+0005
 1.89800000000000E+0003	 7.22036986379055E+0005
 1.89900000000000E+0003	 7.28495381736782E+0005
 1.90000000000000E+0003	 7.35110517751300E+0005
 1.90100000000000E+0003	 7.41882833024573E+0005
 1.90200000000000E+0003	 7.48813309306845E+0005
 1.90300000000000E+0003	 7.55899444133590E+0005
 1.90400000000000E+0003	 7.63142550399479E+0005
 1.90500000000000E+0003	 7.70534987494365E+0005
 1.90600000000000E+0003	 7.78077569641013E+0005
 1.90700000000000E+0003	 7.85767244929284E+0005
 1.90800000000000E+0003	 7.93606198037224E+0005
 1.90900000000000E+0003	 8.01590810351971E+0005
 1.91000000000000E+0003	 8.09726441273874E+0005
 1.91100000000000E+0003	 8.18015102687203E+0005
 1.91200000000000E+0003	 8.26478269097662E+0005
 1.91300000000000E+0003	 8.35134224578361E+0005
 1.91400000000000E+0003	 8.44014282327922E+0005
 1.91500000000000E+0003	 8.53127566557114E+0005
 1.91600000000000E+0003	 8.62483871117442E+0005
 1.91700000000000E+0003	 8.72079707609237E+0005
 1.91800000000000E+0003	 8.81919817109152E+0005
 1.91900000000000E+0003	 8.92005747226084E+0005
 1.92000000000000E+0003	 9.02353168877120E+0005
 1.92100000000000E+0003	 9.12983720617339E+0005
 1.92200000000000E+0003	 9.23925523984288E+0005
 1.92300000000000E+0003	 9.35186475403941E+0005
 1.92400000000000E+0003	 9.46781047748354E+0005
 1.92500000000000E+0003	 9.58705337394721E+0005
 1.92600000000000E+0003	 9.70960301626673E+0005
 1.92700000000000E+0003	 9.83543315290693E+0005
 1.92800000000000E+0003	 9.96443425899002E+0005
 1.92900000000000E+0003	 1.00963430471933E+0006
 1.93000000000000E+0003	 1.02309620468470E+0006
 1.93100000000000E+0003	 1.03680032097892E+0006
 1.93200000000000E+0003	 1.05075019430983E+0006
 1.93300000000000E+0003	 1.06493805222130E+0006
 1.93400000000000E+0003	 1.07936092134560E+0006
 1.93500000000000E+0003	 1.09402041586015E+0006
 1.93600000000000E+0003	 1.10889492519780E+0006
 1.93700000000000E+0003	 1.12395323327599E+0006
 1.93800000000000E+0003	 1.13914475842102E+0006
 1.93900000000000E+0003	 1.15443540752482E+0006
 1.94000000000000E+0003	 1.16981032697832E+0006
 1.94100000000000E+0003	 1.18526201171014E+0006
 1.94200000000000E+0003	 1.20078816894684E+0006
 1.94300000000000E+0003	 1.21638906088976E+0006
 1.94400000000000E+0003	 1.23204371229373E+0006
 1.94500000000000E+0003	 1.24771904007080E+0006
 1.94600000000000E+0003	 1.26334528980129E+0006
 1.94700000000000E+0003	 1.27887992142620E+0006
 1.94800000000000E+0003	 1.29429780031432E+0006
 1.94900000000000E+0003	 1.30958490351722E+0006
 1.95000000000000E+0003	 1.32473990293805E+0006
 1.95100000000000E+0003	 1.33976644539687E+0006
 1.95200000000000E+0003	 1.35465559609996E+0006
 1.95300000000000E+0003	 1.36940944329339E+0006
 1.95400000000000E+0003	 1.38400759437373E+0006
 1.95500000000000E+0003	 1.39844956759572E+0006
 1.95600000000000E+0003	 1.41271747524479E+0006
 1.95700000000000E+0003	 1.42682286954380E+0006
 1.95800000000000E+0003	 1.44075444654141E+0006
 1.95900000000000E+0003	 1.45451722608053E+0006
 1.96000000000000E+0003	 1.46811387833160E+0006
 1.96100000000000E+0003	 1.48173478516592E+0006
 1.96200000000000E+0003	 1.49507556131145E+0006
 1.96300000000000E+0003	 1.50835557328754E+0006
 1.96400000000000E+0003	 1.52158376718620E+0006
 1.96500000000000E+0003	 1.53479094479215E+0006
 1.96600000000000E+0003	 1.54796720740962E+0006
 1.96700000000000E+0003	 1.56111470976441E+0006
 1.96800000000000E+0003	 1.57424406694042E+0006
 1.96900000000000E+0003	 1.58735513809560E+0006
 1.97000000000000E+0003	 1.60046473301797E+0006
 1.97100000000000E+0003	 1.61358864203732E+0006
 1.97200000000000E+0003	 1.62672880281131E+0006
 1.97300000000000E+0003	 1.63988710115165E+0006
 1.97400000000000E+0003	 1.65304864703787E+0006
 1.97500000000000E+0003	 1.66621278448952E+0006
 1.97600000000000E+0003	 1.67938242090539E+0006
 1.97700000000000E+0003	 1.69255609306782E+0006
 1.97800000000000E+0003	 1.70574473026677E+0006
 1.97900000000000E+0003	 1.71894936394131E+0006
 1.98000000000000E+0003	 1.73218471492044E+0006
 1.98100000000000E+0003	 1.74546403309526E+0006
 1.98200000000000E+0003	 1.75878009341317E+0006
 1.98300000000000E+0003	 1.77213026383942E+0006
 1.98400000000000E+0003	 1.78552435114705E+0006
 1.98500000000000E+0003	 1.79895381308400E+0006
 1.98600000000000E+0003	 1.81242831229020E+0006
 1.98700000000000E+0003	 1.82593570973122E+0006
 1.98800000000000E+0003	 1.83949742401951E+0006
 1.98900000000000E+0003	 1.85308844457787E+0006
 1.99000000000000E+0003	 1.86673427526723E+0006
 1.99100000000000E+0003	 1.88041779416866E+0006
 1.99200000000000E+0003	 1.89414318250301E+0006
 1.99300000000000E+0003	 1.90791385798482E+0006
 1.99400000000000E+0003	 1.92171724631474E+0006
 1.99500000000000E+0003	 1.93553062878438E+0006
 1.99600000000000E+0003	 1.94934546916941E+0006
 1.99700000000000E+0003	 1.96312181967547E+0006
 1.99800000000000E+0003	 1.97687807105269E+0006
 1.99900000000000E+0003	 1.99058839189552E+0006
 2.00000000000000E+0003	 2.00426287305358E+0006
 2.00100000000000E+0003	 2.01790165418122E+0006
 2.00200000000000E+0003	 2.03149616151655E+0006
 2.00300000000000E+0003	 2.04503386666723E+0006
 2.00400000000000E+0003	 2.05848953273258E+0006
 2.00500000000000E+0003	 2.07184228019164E+0006
 2.00600000000000E+0003	 2.08508582135260E+0006
 2.00700000000000E+0003	 2.09821354533242E+0006
 2.00800000000000E+0003	 2.11121851398605E+0006
 2.00900000000000E+0003	 2.12410972316065E+0006
 2.01000000000000E+0003	 2.13687711605705E+0006
 2.01100000000000E+0003	 2.14953121050391E+0006
 2.01200000000000E+0003	 2.16205355759631E+0006
 2.01300000000000E+0003	 2.17445820390941E+0006
 2.01400000000000E+0003	 2.18672023260071E+0006
 2.01500000000000E+0003	 2.19885606621138E+0006
 2.01600000000000E+0003	 2.21085616484702E+0006
 2.01700000000000E+0003	 2.22272166686915E+0006
 2.01800000000000E+0003	 2.23445856569663E+0006
 2.01900000000000E+0003	 2.24605774602480E+0006
 2.02000000000000E+0003	 2.25752104042663E+0006
 2.02100000000000E+0003	 2.26885828004552E+0006
 2.02200000000000E+0003	 2.28004658002667E+0006
 2.02300000000000E+0003	 2.29110934199555E+0006
 2.02400000000000E+0003	 2.30203099847689E+0006
 2.02500000000000E+0003	 2.31281815461099E+0006
 2.02600000000000E+0003	 2.32347606017901E+0006
 2.02700000000000E+0003	 2.33400367571633E+0006
 2.02800000000000E+0003	 2.34441795309791E+0006
 2.02900000000000E+0003	 2.35470737991158E+0006
 2.03000000000000E+0003	 2.36483974349759E+0006
 2.03100000000000E+0003	 2.37478311575814E+0006
 2.03200000000000E+0003	 2.38450477797828E+0006
 2.03300000000000E+0003	 2.39398935828065E+0006
 2.03400000000000E+0003	 2.40325392460989E+0006
 2.03500000000000E+0003	 2.41228378268934E+0006
 2.03600000000000E+0003	 2.42109564439497E+0006
 2.03700000000000E+0003	 2.42970206479520E+0006
 2.03800000000000E+0003	 2.43814883315215E+0006
 2.03900000000000E+0003	 2.44642695866693E+0006
 2.04000000000000E+0003	 2.45457030585182E+0006
 2.04100000000000E+0003	 2.46256890656880E+0006
 2.04200000000000E+0003	 2.47041877929632E+0006
 2.04300000000000E+0003	 2.47813368863035E+0006
 2.04400000000000E+0003	 2.48569969869771E+0006
 2.04500000000000E+0003	 2.49312303266080E+0006
 2.04600000000000E+0003	 2.50039904634560E+0006
 2.04700000000000E+0003	 2.50751398343034E+0006
 2.04800000000000E+0003	 2.51448705375634E+0006
 2.04900000000000E+0003	 2.52130796631575E+0006
 2.05000000000000E+0003	 2.52796899511729E+0006
 2.05100000000000E+0003	 2.53448328789861E+0006
 2.05200000000000E+0003	 2.54083841415545E+0006
 2.05300000000000E+0003	 2.54705417494481E+0006
 2.05400000000000E+0003	 2.55311535026374E+0006
 2.05500000000000E+0003	 2.55905536728404E+0006
 2.05600000000000E+0003	 2.56484955509586E+0006
 2.05700000000000E+0003	 2.57052754597450E+0006
 2.05800000000000E+0003	 2.57607307927679E+0006
 2.05900000000000E+0003	 2.58148464383547E+0006
 2.06000000000000E+0003	 2.58678233964606E+0006
 2.06100000000000E+0003	 2.59194816677894E+0006
 2.06200000000000E+0003	 2.59699967836387E+0006
 2.06300000000000E+0003	 2.60195438678714E+0006
 2.06400000000000E+0003	 2.60680753233224E+0006
 2.06500000000000E+0003	 2.61157911278588E+0006
 2.06600000000000E+0003	 2.61627274279779E+0006
 2.06700000000000E+0003	 2.62087719866986E+0006
 2.06800000000000E+0003	 2.62540604527189E+0006
 2.06900000000000E+0003	 2.62983844739660E+0006
 2.07000000000000E+0003	 2.63419572944110E+0006
 2.07100000000000E+0003	 2.63846028975134E+0006
 2.07200000000000E+0003	 2.64264342408281E+0006
 2.07300000000000E+0003	 2.64672681949745E+0006
 2.07400000000000E+0003	 2.65072254215260E+0006
 2.07500000000000E+0003	 2.65462375147572E+0006
 2.07600000000000E+0003	 2.65842787979057E+0006
 2.07700000000000E+0003	 2.66215122133776E+0006
 2.07800000000000E+0003	 2.66578005381095E+0006
 2.07900000000000E+0003	 2.66932878186369E+0006
 2.08000000000000E+0003	 2.67281173129561E+0006
 2.08100000000000E+0003	 2.67623094637545E+0006
 2.08200000000000E+0003	 2.67977634915877E+0006
 2.08300000000000E+0003	 2.68309624149907E+0006
 2.08400000000000E+0003	 2.68635975453490E+0006
 2.08500000000000E+0003	 2.68958403793628E+0006
 2.08600000000000E+0003	 2.69274721804932E+0006
 2.08700000000000E+0003	 2.69586960557478E+0006
 2.08800000000000E+0003	 2.69893294725511E+0006
 2.08900000000000E+0003	 2.70196124304546E+0006
 2.09000000000000E+0003	 2.70492976576474E+0006
 2.09100000000000E+0003	 2.70786019400984E+0006
 2.09200000000000E+0003	 2.71074400631931E+0006
 2.09300000000000E+0003	 2.71357655813678E+0006
 2.09400000000000E+0003	 2.71637142844915E+0006
 2.09500000000000E+0003	 2.71911338204472E+0006
 2.09600000000000E+0003	 2.72181814160975E+0006
 2.09700000000000E+0003	 2.72448753629347E+0006
 2.09800000000000E+0003	 2.72711595958140E+0006
 2.09900000000000E+0003	 2.72972303248313E+0006
 2.10000000000000E+0003	 2.73230687278156E+0006
 2.10100000000000E+0003	 2.73485153334031E+0006
 2.10200000000000E+0003	 2.73738220749343E+0006
 2.10300000000000E+0003	 2.73987524745657E+0006
 2.10400000000000E+0003	 2.74234506821880E+0006
 2.10500000000000E+0003	 2.74477690578788E+0006
 2.10600000000000E+0003	 2.74719517964591E+0006
 2.10700000000000E+0003	 2.74957483018604E+0006
 2.10800000000000E+0003	 2.75192582601805E+0006
 2.10900000000000E+0003	 2.75425241040161E+0006
 2.11000000000000E+0003	 2.75653920456370E+0006
 2.11100000000000E+0003	 2.75881198996590E+0006
 2.11200000000000E+0003	 2.76104854778706E+0006
 2.11300000000000E+0003	 2.76326275610300E+0006
 2.11400000000000E+0003	 2.76546117958615E+0006
 2.11500000000000E+0003	 2.76763785078254E+0006
 2.11600000000000E+0003	 2.76980826947980E+0006
 2.11700000000000E+0003	 2.77197735300348E+0006
 2.11800000000000E+0003	 2.77412675557599E+0006
 2.11900000000000E+0003	 2.77627947341390E+0006
 2.12000000000000E+0003	 2.77841834942907E+0006
 2.12100000000000E+0003	 2.78055474105966E+0006
 2.12200000000000E+0003	 2.78268285953763E+0006
 2.12300000000000E+0003	 2.78482577975961E+0006
 2.12400000000000E+0003	 2.78696515597076E+0006
 2.12500000000000E+0003	 2.78911853131486E+0006
 2.12600000000000E+0003	 2.79128695602687E+0006
 2.12700000000000E+0003	 2.79346310270475E+0006
 2.12800000000000E+0003	 2.79565938648207E+0006
 2.12900000000000E+0003	 2.79785974728420E+0006
 2.13000000000000E+0003	 2.80007355855050E+0006
 2.13100000000000E+0003	 2.80229316886328E+0006
 2.13200000000000E+0003	 2.80451096295993E+0006
 2.13300000000000E+0003	 2.80672798073164E+0006
 2.13400000000000E+0003	 2.80894250583924E+0006
 2.13500000000000E+0003	 2.81115298115016E+0006
 2.13600000000000E+0003	 2.81335670883159E+0006
 2.13700000000000E+0003	 2.81556147189335E+0006
 2.13800000000000E+0003	 2.81775921680825E+0006
 2.13900000000000E+0003	 2.81996170487992E+0006
 2.14000000000000E+0003	 2.82216704256951E+0006
 2.14100000000000E+0003	 2.82437699981370E+0006
 2.14200000000000E+0003	 2.82659898067646E+0006
 2.14300000000000E+0003	 2.82884212119988E+0006
 2.14400000000000E+0003	 2.83108728051181E+0006
 2.14500000000000E+0003	 2.83335574187396E+0006
 2.14600000000000E+0003	 2.83562545931818E+0006
 2.14700000000000E+0003	 2.83791416704485E+0006
 2.14800000000000E+0003	 2.84020816017234E+0006
 2.14900000000000E+0003	 2.84252285720002E+0006
 2.15000000000000E+0003	 2.84484905912906E+0006
 2.15100000000000E+0003	 2.84718406386424E+0006
 2.15200000000000E+0003	 2.84954093131647E+0006
 2.15300000000000E+0003	 2.85190554825406E+0006
 2.15400000000000E+0003	 2.85429599927767E+0006
 2.15500000000000E+0003	 2.85669418720339E+0006
 2.15600000000000E+0003	 2.85911320229049E+0006
 2.15700000000000E+0003	 2.86154429251411E+0006
 2.15800000000000E+0003	 2.86398947258090E+0006
 2.15900000000000E+0003	 2.86644638746808E+0006
 2.16000000000000E+0003	 2.86892371740156E+0006
 2.16100000000000E+0003	 2.87141197925627E+0006
 2.16200000000000E+0003	 2.87391652008135E+0006
 2.16300000000000E+0003	 2.87643356150536E+0006
 2.16400000000000E+0003	 2.87896881897991E+0006
 2.16500000000000E+0003	 2.88152386417206E+0006
 2.16600000000000E+0003	 2.88408842280438E+0006
 2.16700000000000E+0003	 2.88666417978936E+0006
 2.16800000000000E+0003	 2.88925912651649E+0006
 2.16900000000000E+0003	 2.89187087393944E+0006
 2.17000000000000E+0003	 2.89449158572651E+0006
 2.17100000000000E+0003	 2.89713116428024E+0006
 2.17200000000000E+0003	 2.89978288671396E+0006
 2.17300000000000E+0003	 2.90245380024630E+0006
 2.17400000000000E+0003	 2.90514236934308E+0006
 2.17500000000000E+0003	 2.90785445698124E+0006
 2.17600000000000E+0003	 2.91058848726903E+0006
 2.17700000000000E+0003	 2.91334119825700E+0006
 2.17800000000000E+0003	 2.91612769193556E+0006
 2.17900000000000E+0003	 2.91892974084059E+0006
 2.18000000000000E+0003	 2.92176337037694E+0006
 2.18100000000000E+0003	 2.92461461519687E+0006
 2.18200000000000E+0003	 2.92750088110760E+0006
 2.18300000000000E+0003	 2.93040624156152E+0006
 2.18400000000000E+0003	 2.93333875922470E+0006
 2.18500000000000E+0003	 2.93629857306494E+0006
 2.18600000000000E+0003	 2.93926785538183E+0006
 2.18700000000000E+0003	 2.94227762603229E+0006
 2.18800000000000E+0003	 2.94530721278498E+0006
 2.18900000000000E+0003	 2.94836224131217E+0006
 2.19000000000000E+0003	 2.95144450395312E+0006
 2.19100000000000E+0003	 2.95455836462383E+0006
 2.19200000000000E+0003	 2.95770534325356E+0006
 2.19300000000000E+0003	 2.96089832208276E+0006
 2.19400000000000E+0003	 2.96413750674761E+0006
 2.19500000000000E+0003	 2.96742521525004E+0006
 2.19600000000000E+0003	 2.97076274670895E+0006
 2.19700000000000E+0003	 2.97415084872872E+0006
 2.19800000000000E+0003	 2.97758596325443E+0006
 2.19900000000000E+0003	 2.98107504249554E+0006
 2.20000000000000E+0003	 2.98460904009941E+0006
 2.20100000000000E+0003	 2.98819902174776E+0006
 2.20200000000000E+0003	 2.99182886791673E+0006
 2.20300000000000E+0003	 2.99551728759204E+0006
 2.20400000000000E+0003	 2.99925293536268E+0006
 2.20500000000000E+0003	 3.00303668124566E+0006
 2.20600000000000E+0003	 3.00687250938459E+0006
 2.20700000000000E+0003	 3.01075692513911E+0006
 2.20800000000000E+0003	 3.01469385257252E+0006
 2.20900000000000E+0003	 3.01868559126395E+0006
 2.21000000000000E+0003	 3.02274407218915E+0006
 2.21100000000000E+0003	 3.02686727189971E+0006
 2.21200000000000E+0003	 3.03105571317004E+0006
 2.21300000000000E+0003	 3.03532382143425E+0006
 2.21400000000000E+0003	 3.03965456612495E+0006
 2.21500000000000E+0003	 3.04406210167654E+0006
 2.21600000000000E+0003	 3.04853451924124E+0006
 2.21700000000000E+0003	 3.05308231861076E+0006
 2.21800000000000E+0003	 3.05769980496131E+0006
 2.21900000000000E+0003	 3.06257463126068E+0006
 2.22000000000000E+0003	 3.06733265181877E+0006
 2.22100000000000E+0003	 3.07215169821173E+0006
 2.22200000000000E+0003	 3.07705002262908E+0006
 2.22300000000000E+0003	 3.08201205186838E+0006
 2.22400000000000E+0003	 3.08704577071995E+0006
 2.22500000000000E+0003	 3.09215355615637E+0006
 2.22600000000000E+0003	 3.09734051532856E+0006
 2.22700000000000E+0003	 3.10260534662739E+0006
 2.22800000000000E+0003	 3.10795938504617E+0006
 2.22900000000000E+0003	 3.11341460854650E+0006
 2.23000000000000E+0003	 3.11895398830232E+0006
 2.23100000000000E+0003	 3.12459608467228E+0006
 2.23200000000000E+0003	 3.13032829473950E+0006
 2.23300000000000E+0003	 3.13615453266175E+0006
 2.23400000000000E+0003	 3.14208451646289E+0006
 2.23500000000000E+0003	 3.14811109581874E+0006
 2.23600000000000E+0003	 3.15423255684066E+0006
 2.23700000000000E+0003	 3.16044698013840E+0006
 2.23800000000000E+0003	 3.16676395921361E+0006
 2.23900000000000E+0003	 3.17316314571417E+0006
 2.24000000000000E+0003	 3.17967060001407E+0006
 2.24100000000000E+0003	 3.18626854141658E+0006
 2.24200000000000E+0003	 3.19295890210615E+0006
 2.24300000000000E+0003	 3.19974861494249E+0006
 2.24400000000000E+0003	 3.20663143377383E+0006
 2.24500000000000E+0003	 3.21360502377193E+0006
 2.24600000000000E+0003	 3.22065674103483E+0006
 2.24700000000000E+0003	 3.22779019142138E+0006
 2.24800000000000E+0003	 3.23500697233324E+0006
 2.24900000000000E+0003	 3.24229249014459E+0006
 2.25000000000000E+0003	 3.24966187860774E+0006
 2.25100000000000E+0003	 3.25710402384199E+0006
 2.25200000000000E+0003	 3.26463424149465E+0006
 2.25300000000000E+0003	 3.27224415025715E+0006
 2.25400000000000E+0003	 3.27993574954459E+0006
 2.25500000000000E+0003	 3.28770296610092E+0006
 2.25600000000000E+0003	 3.29554913873478E+0006
 2.25700000000000E+0003	 3.30347851224855E+0006
 2.25800000000000E+0003	 3.31148291028137E+0006
 2.25900000000000E+0003	 3.31956927442792E+0006
 2.26000000000000E+0003	 3.32772842628309E+0006
 2.26100000000000E+0003	 3.33597994540669E+0006
 2.26200000000000E+0003	 3.34433109508558E+0006
 2.26300000000000E+0003	 3.35279935028382E+0006
 2.26400000000000E+0003	 3.36138996997010E+0006
 2.26500000000000E+0003	 3.37011505796368E+0006
 2.26600000000000E+0003	 3.37897045049101E+0006
 2.26700000000000E+0003	 3.38796102377831E+0006
 2.26800000000000E+0003	 3.39708321581844E+0006
 2.26900000000000E+0003	 3.40634155234647E+0006
 2.27000000000000E+0003	 3.41573589858706E+0006
 2.27100000000000E+0003	 3.42526699587297E+0006
 2.27200000000000E+0003	 3.43493273813169E+0006
 2.27300000000000E+0003	 3.44473226224039E+0006
 2.27400000000000E+0003	 3.45467363443581E+0006
 2.27500000000000E+0003	 3.46474657488157E+0006
 2.27600000000000E+0003	 3.47494664706153E+0006
 2.27700000000000E+0003	 3.48529059303772E+0006
 2.27800000000000E+0003	 3.49576462306796E+0006
 2.27900000000000E+0003	 3.50638779816601E+0006
 2.28000000000000E+0003	 3.51716514123283E+0006
 2.28100000000000E+0003	 3.52811498760617E+0006
 2.28200000000000E+0003	 3.53924286169072E+0006
 2.28300000000000E+0003	 3.55056239445685E+0006
 2.28400000000000E+0003	 3.56206683035368E+0006
 2.28500000000000E+0003	 3.57375650655640E+0006
 2.28600000000000E+0003	 3.58563478186049E+0006
 2.28700000000000E+0003	 3.59770299934482E+0006
 2.28800000000000E+0003	 3.60996292333440E+0006
 2.28900000000000E+0003	 3.62240766669420E+0006
 2.29000000000000E+0003	 3.63504427570929E+0006
 2.29100000000000E+0003	 3.64786944352994E+0006
 2.29200000000000E+0003	 3.66088596237951E+0006
 2.29300000000000E+0003	 3.67408815599889E+0006
 2.29400000000000E+0003	 3.68747594761317E+0006
 2.29500000000000E+0003	 3.70105724831469E+0006
 2.29600000000000E+0003	 3.71482553772487E+0006
 2.29700000000000E+0003	 3.72879780604220E+0006
 2.29800000000000E+0003	 3.74296619564680E+0006
 2.29900000000000E+0003	 3.75735105106379E+0006
 2.30000000000000E+0003	 3.77194866330612E+0006
 2.30100000000000E+0003	 3.78677325439783E+0006
 2.30200000000000E+0003	 3.80181781267276E+0006
 2.30300000000000E+0003	 3.81707810003129E+0006
 2.30400000000000E+0003	 3.83255816690849E+0006
 2.30500000000000E+0003	 3.84825347496413E+0006
 2.30600000000000E+0003	 3.86415002766099E+0006
 2.30700000000000E+0003	 3.88021699062429E+0006
 2.30800000000000E+0003	 3.89642000741272E+0006
 2.30900000000000E+0003	 3.91273493010422E+0006
 2.31000000000000E+0003	 3.92915585623299E+0006
 2.31100000000000E+0003	 3.94567616267052E+0006
 2.31200000000000E+0003	 3.96229256243368E+0006
 2.31300000000000E+0003	 3.97900908431913E+0006
 2.31400000000000E+0003	 3.99580578156145E+0006
 2.31500000000000E+0003	 4.01266704443968E+0006
 2.31600000000000E+0003	 4.02953056630489E+0006
 2.31700000000000E+0003	 4.04633141993201E+0006
 2.31800000000000E+0003	 4.06302426367128E+0006
 2.31900000000000E+0003	 4.07959520299888E+0006
 2.32000000000000E+0003	 4.09603752925166E+0006
 2.32100000000000E+0003	 4.11234594017471E+0006
 2.32200000000000E+0003	 4.12852107624958E+0006
 2.32300000000000E+0003	 4.14458397026280E+0006
 2.32400000000000E+0003	 4.16055053112906E+0006
 2.32500000000000E+0003	 4.17647737331859E+0006
 2.32600000000000E+0003	 4.19242087196650E+0006
 2.32700000000000E+0003	 4.20842664178775E+0006
 2.32800000000000E+0003	 4.22450874717608E+0006
 2.32900000000000E+0003	 4.24067176077913E+0006
 2.33000000000000E+0003	 4.25690929023983E+0006
 2.33100000000000E+0003	 4.27323697921271E+0006
 2.33200000000000E+0003	 4.28963726323840E+0006
 2.33300000000000E+0003	 4.30612640421118E+0006
 2.33400000000000E+0003	 4.32271022485230E+0006
 2.33500000000000E+0003	 4.33938702620593E+0006
 2.33600000000000E+0003	 4.35616301793078E+0006
 2.33700000000000E+0003	 4.37304557351812E+0006
 2.33800000000000E+0003	 4.39003036550704E+0006
 2.33900000000000E+0003	 4.40711590607552E+0006
 2.34000000000000E+0003	 4.42430274889149E+0006
 2.34100000000000E+0003	 4.44159427171780E+0006
 2.34200000000000E+0003	 4.45899673465565E+0006
 2.34300000000000E+0003	 4.47649868479923E+0006
 2.34400000000000E+0003	 4.49409680860423E+0006
 2.34500000000000E+0003	 4.51180606022215E+0006
 2.34600000000000E+0003	 4.52962486979671E+0006
 2.34700000000000E+0003	 4.54753569090901E+0006
 2.34800000000000E+0003	 4.56555174349907E+0006
 2.34900000000000E+0003	 4.58367540663253E+0006
 2.35000000000000E+0003	 4.60189763657963E+0006
 2.35100000000000E+0003	 4.62023295283813E+0006
 2.35200000000000E+0003	 4.63867611738320E+0006
 2.35300000000000E+0003	 4.65723234795684E+0006
 2.35400000000000E+0003	 4.67590158627672E+0006
 2.35500000000000E+0003	 4.69469192554521E+0006
 2.35600000000000E+0003	 4.71359021879714E+0006
 2.35700000000000E+0003	 4.73260627460223E+0006
 2.35800000000000E+0003	 4.75173609795717E+0006
 2.35900000000000E+0003	 4.77097743095342E+0006
 2.36000000000000E+0003	 4.79033860369623E+0006
 2.36100000000000E+0003	 4.80981509657903E+0006
 2.36200000000000E+0003	 4.82939605863529E+0006
 2.36300000000000E+0003	 4.84910845251285E+0006
 2.36400000000000E+0003	 4.86894032038746E+0006
 2.36500000000000E+0003	 4.88887673576177E+0006
 2.36600000000000E+0003	 4.90893028717847E+0006
 2.36700000000000E+0003	 4.92910437730641E+0006
 2.36800000000000E+0003	 4.94938359367566E+0006
 2.36900000000000E+0003	 4.96977293852803E+0006
 2.37000000000000E+0003	 4.99025561055484E+0006
 2.37100000000000E+0003	 5.01079511629478E+0006
 2.37200000000000E+0003	 5.03138412066802E+0006
 2.37300000000000E+0003	 5.05201398312925E+0006
 2.37400000000000E+0003	 5.07267034137179E+0006
 2.37500000000000E+0003	 5.09336002496609E+0006
 2.37600000000000E+0003	 5.11408398822455E+0006
 2.37700000000000E+0003	 5.13502993217878E+0006
 2.37800000000000E+0003	 5.15580607179255E+0006
 2.37900000000000E+0003	 5.17662180658920E+0006
 2.38000000000000E+0003	 5.19745066966417E+0006
 2.38100000000000E+0003	 5.21830059896495E+0006
 2.38200000000000E+0003	 5.23917056953420E+0006
 2.38300000000000E+0003	 5.26005125415097E+0006
 2.38400000000000E+0003	 5.28094724879952E+0006
 2.38500000000000E+0003	 5.30185866923455E+0006
 2.38600000000000E+0003	 5.32278085048417E+0006
 2.38700000000000E+0003	 5.34371207455078E+0006
 2.38800000000000E+0003	 5.36465103292252E+0006
 2.38900000000000E+0003	 5.38556200473509E+0006
 2.39000000000000E+0003	 5.40644760032633E+0006
 2.39100000000000E+0003	 5.42729302297371E+0006
 2.39200000000000E+0003	 5.44810105487714E+0006
 2.39300000000000E+0003	 5.46886978226482E+0006
 2.39400000000000E+0003	 5.48959550150896E+0006
 2.39500000000000E+0003	 5.51027839195417E+0006
 2.39600000000000E+0003	 5.53092149106340E+0006
 2.39700000000000E+0003	 5.55152529512721E+0006
 2.39800000000000E+0003	 5.57208638459149E+0006
 2.39900000000000E+0003	 5.59260037119600E+0006
 2.40000000000000E+0003	 5.61308035193251E+0006
 2.40100000000000E+0003	 5.63351991770773E+0006
 2.40200000000000E+0003	 5.65391518566476E+0006
 2.40300000000000E+0003	 5.67427199760060E+0006
 2.40400000000000E+0003	 5.69458524350373E+0006
 2.40500000000000E+0003	 5.71484545045125E+0006
 2.40600000000000E+0003	 5.73503584785810E+0006
 2.40700000000000E+0003	 5.75513079583709E+0006
 2.40800000000000E+0003	 5.77508084067382E+0006
 2.40900000000000E+0003	 5.79486654644097E+0006
 2.41000000000000E+0003	 5.81449119858951E+0006
 2.41100000000000E+0003	 5.83394347159041E+0006
 2.41200000000000E+0003	 5.85322167404239E+0006
 2.41300000000000E+0003	 5.87232958426459E+0006
 2.41400000000000E+0003	 5.89126860393387E+0006
 2.41500000000000E+0003	 5.91002718292705E+0006
 2.41600000000000E+0003	 5.92862878973162E+0006
 2.41700000000000E+0003	 5.94703750320109E+0006
 2.41800000000000E+0003	 5.96528740653923E+0006
 2.41900000000000E+0003	 5.98336270743504E+0006
 2.42000000000000E+0003	 6.00126074725540E+0006
 2.42100000000000E+0003	 6.01899101211207E+0006
 2.42200000000000E+0003	 6.03654658635875E+0006
 2.42300000000000E+0003	 6.05392183903454E+0006
 2.42400000000000E+0003	 6.07111540190005E+0006
 2.42500000000000E+0003	 6.08812173591417E+0006
 2.42600000000000E+0003	 6.10489823506421E+0006
 2.42700000000000E+0003	 6.12145134017368E+0006
 2.42800000000000E+0003	 6.13775577818731E+0006
 2.42900000000000E+0003	 6.15382894137935E+0006
 2.43000000000000E+0003	 6.16965661544446E+0006
 2.43100000000000E+0003	 6.18523623659747E+0006
 2.43200000000000E+0003	 6.20058692263255E+0006
 2.43300000000000E+0003	 6.21568024257275E+0006
 2.43400000000000E+0003	 6.23055217985005E+0006
 2.43500000000000E+0003	 6.24516388348657E+0006
 2.43600000000000E+0003	 6.25954254110912E+0006
 2.43700000000000E+0003	 6.27367765436468E+0006
 2.43800000000000E+0003	 6.28756884256858E+0006
 2.43900000000000E+0003	 6.30120827611479E+0006
 2.44000000000000E+0003	 6.31462256768138E+0006
 2.44100000000000E+0003	 6.32778372005889E+0006
 2.44200000000000E+0003	 6.34069862074386E+0006
 2.44300000000000E+0003	 6.35336310881354E+0006
 2.44400000000000E+0003	 6.36574033098496E+0006
 2.44500000000000E+0003	 6.37783633402946E+0006
 2.44600000000000E+0003	 6.38962678413355E+0006
 2.44700000000000E+0003	 6.40111464831908E+0006
 2.44800000000000E+0003	 6.41230403515174E+0006
 2.44900000000000E+0003	 6.42318965713649E+0006
 2.45000000000000E+0003	 6.43377880876808E+0006
 2.45100000000000E+0003	 6.44406015026823E+0006
 2.45200000000000E+0003	 6.45404612279436E+0006
 2.45300000000000E+0003	 6.46377075718867E+0006
 2.45400000000000E+0003	 6.47324742534107E+0006
 2.45500000000000E+0003	 6.48248392799142E+0006
 2.45600000000000E+0003	 6.49148733686978E+0006
 2.45700000000000E+0003	 6.50026733767502E+0006
 2.45800000000000E+0003	 6.50881291979311E+0006
 2.45900000000000E+0003	 6.51713319593314E+0006
 2.46000000000000E+0003	 6.52522433093293E+0006
 2.46100000000000E+0003	 6.53308711910559E+0006
 2.46200000000000E+0003	 6.54076606982397E+0006
 2.46300000000000E+0003	 6.54825838632009E+0006
 2.46400000000000E+0003	 6.55558626050124E+0006
 2.46500000000000E+0003	 6.56275326836283E+0006
 2.46600000000000E+0003	 6.56977312940014E+0006
 2.46700000000000E+0003	 6.57662732739993E+0006
 2.46800000000000E+0003	 6.58333955515928E+0006
 2.46900000000000E+0003	 6.58989426922024E+0006
 2.47000000000000E+0003	 6.59628918214874E+0006
 2.47100000000000E+0003	 6.60253447652568E+0006
 2.47200000000000E+0003	 6.60861487121301E+0006
 2.47300000000000E+0003	 6.61455157859136E+0006
 2.47400000000000E+0003	 6.62032394904323E+0006
 2.47500000000000E+0003	 6.62594727583314E+0006
 2.47600000000000E+0003	 6.63141051100160E+0006
 2.47700000000000E+0003	 6.63673117410731E+0006
 2.47800000000000E+0003	 6.64188349960950E+0006
 2.47900000000000E+0003	 6.64690355065491E+0006
 2.48000000000000E+0003	 6.65180579296335E+0006
 2.48100000000000E+0003	 6.65662161929048E+0006
 2.48200000000000E+0003	 6.66141531793738E+0006
 2.48300000000000E+0003	 6.66620266524957E+0006
 2.48400000000000E+0003	 6.67098201804485E+0006
 2.48500000000000E+0003	 6.67577940334244E+0006
 2.48600000000000E+0003	 6.68057995336525E+0006
 2.48700000000000E+0003	 6.68538630743639E+0006
 2.48800000000000E+0003	 6.69018851838391E+0006
 2.48900000000000E+0003	 6.69498952977556E+0006
 2.49000000000000E+0003	 6.69980141103279E+0006
 2.49100000000000E+0003	 6.70461483022435E+0006
 2.49200000000000E+0003	 6.70943606781827E+0006
 2.49300000000000E+0003	 6.71426036323070E+0006
 2.49400000000000E+0003	 6.71908577392126E+0006
 2.49500000000000E+0003	 6.72391829740971E+0006
 2.49600000000000E+0003	 6.72877100510253E+0006
 2.49700000000000E+0003	 6.73360486762221E+0006
 2.49800000000000E+0003	 6.73848216457421E+0006
 2.49900000000000E+0003	 6.74338731394718E+0006
 2.50000000000000E+0003	 6.74834594751124E+0006
 2.50100000000000E+0003	 6.75340096852102E+0006
 2.50200000000000E+0003	 6.75854673331044E+0006
 2.50300000000000E+0003	 6.76378921284880E+0006
 2.50400000000000E+0003	 6.76915132639897E+0006
 2.50500000000000E+0003	 6.77460887010871E+0006
 2.50600000000000E+0003	 6.78016780013186E+0006
 2.50700000000000E+0003	 6.78582828620638E+0006
 2.50800000000000E+0003	 6.79159573910950E+0006
 2.50900000000000E+0003	 6.79746043930021E+0006
 2.51000000000000E+0003	 6.80342978303122E+0006
 2.51100000000000E+0003	 6.80950624178658E+0006
 2.51200000000000E+0003	 6.81569042555316E+0006
 2.51300000000000E+0003	 6.82196452304602E+0006
 2.51400000000000E+0003	 6.82835590707516E+0006
 2.51500000000000E+0003	 6.83485799851063E+0006
 2.51600000000000E+0003	 6.84143928217895E+0006
 2.51700000000000E+0003	 6.84813261858738E+0006
 2.51800000000000E+0003	 6.85492543457697E+0006
 2.51900000000000E+0003	 6.86180853440721E+0006
 2.52000000000000E+0003	 6.86877021914905E+0006
 2.52100000000000E+0003	 6.87581575410805E+0006
 2.52200000000000E+0003	 6.88293889572520E+0006
 2.52300000000000E+0003	 6.89014051916426E+0006
 2.52400000000000E+0003	 6.89743390860415E+0006
 2.52500000000000E+0003	 6.90480512727831E+0006
 2.52600000000000E+0003	 6.91225310071516E+0006
 2.52700000000000E+0003	 6.91979171549423E+0006
 2.52800000000000E+0003	 6.92738939829364E+0006
 2.52900000000000E+0003	 6.93508523550515E+0006
 2.53000000000000E+0003	 6.94285321468697E+0006
 2.53100000000000E+0003	 6.95070774672379E+0006
 2.53200000000000E+0003	 6.95863615192148E+0006
 2.53300000000000E+0003	 6.96666484332687E+0006
 2.53400000000000E+0003	 6.97476904494694E+0006
 2.53500000000000E+0003	 6.98295022811482E+0006
 2.53600000000000E+0003	 6.99122844016751E+0006
 2.53700000000000E+0003	 6.99958799804509E+0006
 2.53800000000000E+0003	 7.00804887839315E+0006
 2.53900000000000E+0003	 7.01659823947323E+0006
 2.54000000000000E+0003	 7.02525692460214E+0006
 2.54100000000000E+0003	 7.03400209892905E+0006
 2.54200000000000E+0003	 7.04285191056872E+0006
 2.54300000000000E+0003	 7.05180810620361E+0006
 2.54400000000000E+0003	 7.06086125000750E+0006
 2.54500000000000E+0003	 7.07000990964381E+0006
 2.54600000000000E+0003	 7.07926954131122E+0006
 2.54700000000000E+0003	 7.08861843532964E+0006
 2.54800000000000E+0003	 7.09807344625593E+0006
 2.54900000000000E+0003	 7.10762984396262E+0006
 2.55000000000000E+0003	 7.11729004656174E+0006
 2.55100000000000E+0003	 7.12703805066137E+0006
 2.55200000000000E+0003	 7.13691076175879E+0006
 2.55300000000000E+0003	 7.14687089561904E+0006
 2.55400000000000E+0003	 7.15692768235020E+0006
 2.55500000000000E+0003	 7.16709731713003E+0006
 2.55600000000000E+0003	 7.17735065214165E+0006
 2.55700000000000E+0003	 7.18769945080248E+0006
 2.55800000000000E+0003	 7.19812767294076E+0006
 2.55900000000000E+0003	 7.20866515906399E+0006
 2.56000000000000E+0003	 7.21928398547747E+0006
 2.56100000000000E+0003	 7.23019569101823E+0006
 2.56200000000000E+0003	 7.24100070746641E+0006
 2.56300000000000E+0003	 7.25189707843461E+0006
 2.56400000000000E+0003	 7.26287127041876E+0006
 2.56500000000000E+0003	 7.27395778793561E+0006
 2.56600000000000E+0003	 7.28512015220182E+0006
 2.56700000000000E+0003	 7.29637824053898E+0006
 2.56800000000000E+0003	 7.30773225524915E+0006
 2.56900000000000E+0003	 7.31917353355840E+0006
 2.57000000000000E+0003	 7.33070046829578E+0006
 2.57100000000000E+0003	 7.34234225525652E+0006
 2.57200000000000E+0003	 7.35405416834718E+0006
 2.57300000000000E+0003	 7.36585563444212E+0006
 2.57400000000000E+0003	 7.37777283219100E+0006
 2.57500000000000E+0003	 7.38979774433376E+0006
 2.57600000000000E+0003	 7.40195000039084E+0006
 2.57700000000000E+0003	 7.41422303411601E+0006
 2.57800000000000E+0003	 7.42664523214943E+0006
 2.57900000000000E+0003	 7.43918925181093E+0006
 2.58000000000000E+0003	 7.45186943033460E+0006
 2.58100000000000E+0003	 7.46468893612615E+0006
 2.58200000000000E+0003	 7.47764567432561E+0006
 2.58300000000000E+0003	 7.49071984128661E+0006
 2.58400000000000E+0003	 7.50394820535923E+0006
 2.58500000000000E+0003	 7.51730058981016E+0006
 2.58600000000000E+0003	 7.53078779951394E+0006
 2.58700000000000E+0003	 7.54440996378073E+0006
 2.58800000000000E+0003	 7.55817311353743E+0006
 2.58900000000000E+0003	 7.57205650932724E+0006
 2.59000000000000E+0003	 7.58609659293962E+0006
 2.59100000000000E+0003	 7.60025943010200E+0006
 2.59200000000000E+0003	 7.61454582759137E+0006
 2.59300000000000E+0003	 7.62897271716929E+0006
 2.59400000000000E+0003	 7.64354148296964E+0006
 2.59500000000000E+0003	 7.65825816269570E+0006
 2.59600000000000E+0003	 7.67310470432530E+0006
 2.59700000000000E+0003	 7.68811528334556E+0006
 2.59800000000000E+0003	 7.70325589667827E+0006
 2.59900000000000E+0003	 7.71853357979424E+0006
 2.60000000000000E+0003	 7.73396722743940E+0006
 2.60100000000000E+0003	 7.74953931912133E+0006
 2.60200000000000E+0003	 7.76522995685229E+0006
 2.60300000000000E+0003	 7.78105677698008E+0006
 2.60400000000000E+0003	 7.79696900246445E+0006
 2.60500000000000E+0003	 7.81296821608236E+0006
 2.60600000000000E+0003	 7.82904485755885E+0006
 2.60700000000000E+0003	 7.84518700499589E+0006
 2.60800000000000E+0003	 7.86140043027457E+0006
 2.60900000000000E+0003	 7.87768532883335E+0006
 2.61000000000000E+0003	 7.89404430051963E+0006
 2.61100000000000E+0003	 7.91046691573538E+0006
 2.61200000000000E+0003	 7.92697499104299E+0006
 2.61300000000000E+0003	 7.94357572417656E+0006
 2.61400000000000E+0003	 7.96028468408375E+0006
 2.61500000000000E+0003	 7.97710417371512E+0006
 2.61600000000000E+0003	 7.99403929082722E+0006
 2.61700000000000E+0003	 8.01108387746599E+0006
 2.61800000000000E+0003	 8.02823784811954E+0006
 2.61900000000000E+0003	 8.04551463532954E+0006
 2.62000000000000E+0003	 8.06291071513303E+0006
 2.62100000000000E+0003	 8.08040535962281E+0006
 2.62200000000000E+0003	 8.09802445408448E+0006
 2.62300000000000E+0003	 8.11575000339827E+0006
 2.62400000000000E+0003	 8.13360145760889E+0006
 2.62500000000000E+0003	 8.15155945996568E+0006
 2.62600000000000E+0003	 8.16963519154026E+0006
 2.62700000000000E+0003	 8.18782616771460E+0006
 2.62800000000000E+0003	 8.20614228603544E+0006
 2.62900000000000E+0003	 8.22456399639113E+0006
 2.63000000000000E+0003	 8.24309761586448E+0006
 2.63100000000000E+0003	 8.26171660008802E+0006
 2.63200000000000E+0003	 8.28041442246085E+0006
 2.63300000000000E+0003	 8.29913943144075E+0006
 2.63400000000000E+0003	 8.31788505730951E+0006
 2.63500000000000E+0003	 8.33662076666462E+0006
 2.63600000000000E+0003	 8.35537195195960E+0006
 2.63700000000000E+0003	 8.37412896145147E+0006
 2.63800000000000E+0003	 8.39288655941885E+0006
 2.63900000000000E+0003	 8.41165140744089E+0006
 2.64000000000000E+0003	 8.43040957994571E+0006
 2.64100000000000E+0003	 8.44917759378970E+0006
 2.64200000000000E+0003	 8.46794583718605E+0006
 2.64300000000000E+0003	 8.48672552681235E+0006
 2.64400000000000E+0003	 8.50551006606874E+0006
 2.64500000000000E+0003	 8.52429301555313E+0006
 2.64600000000000E+0003	 8.54308441608739E+0006
 2.64700000000000E+0003	 8.56188320060476E+0006
 2.64800000000000E+0003	 8.58069018170324E+0006
 2.64900000000000E+0003	 8.59948690343334E+0006
 2.65000000000000E+0003	 8.61827727719608E+0006
 2.65100000000000E+0003	 8.63709782414981E+0006
 2.65200000000000E+0003	 8.65593969389661E+0006
 2.65300000000000E+0003	 8.67479799444853E+0006
 2.65400000000000E+0003	 8.69367243205282E+0006
 2.65500000000000E+0003	 8.71257911298429E+0006
 2.65600000000000E+0003	 8.73150627686501E+0006
 2.65700000000000E+0003	 8.75047013037692E+0006
 2.65800000000000E+0003	 8.76944637301158E+0006
 2.65900000000000E+0003	 8.78844190227087E+0006
 2.66000000000000E+0003	 8.80745024838898E+0006
 2.66100000000000E+0003	 8.82649712661310E+0006
 2.66200000000000E+0003	 8.84557278365512E+0006
 2.66300000000000E+0003	 8.86466492973706E+0006
 2.66400000000000E+0003	 8.88378132907370E+0006
 2.66500000000000E+0003	 8.90292758050100E+0006
 2.66600000000000E+0003	 8.92209481428021E+0006
 2.66700000000000E+0003	 8.94129307114774E+0006
 2.66800000000000E+0003	 8.96050123193522E+0006
 2.66900000000000E+0003	 8.97972335364413E+0006
 2.67000000000000E+0003	 8.99893350265768E+0006
 2.67100000000000E+0003	 9.01810540503853E+0006
 2.67200000000000E+0003	 9.03722467004547E+0006
 2.67300000000000E+0003	 9.05625381582607E+0006
 2.67400000000000E+0003	 9.07520756488614E+0006
 2.67500000000000E+0003	 9.09407171914333E+0006
 2.67600000000000E+0003	 9.11285000066572E+0006
 2.67700000000000E+0003	 9.13155078044861E+0006
 2.67800000000000E+0003	 9.15015519127598E+0006
 2.67900000000000E+0003	 9.16865450545431E+0006
 2.68000000000000E+0003	 9.18705954472497E+0006
 2.68100000000000E+0003	 9.20532179170660E+0006
 2.68200000000000E+0003	 9.22345836127824E+0006
 2.68300000000000E+0003	 9.24144212091989E+0006
 2.68400000000000E+0003	 9.25927866562373E+0006
 2.68500000000000E+0003	 9.27696738864691E+0006
 2.68600000000000E+0003	 9.29450207790627E+0006
 2.68700000000000E+0003	 9.31188971221108E+0006
 2.68800000000000E+0003	 9.32911522517620E+0006
 2.68900000000000E+0003	 9.34616338367437E+0006
 2.69000000000000E+0003	 9.36302364353104E+0006
 2.69100000000000E+0003	 9.37966084701556E+0006
 2.69200000000000E+0003	 9.39607478392515E+0006
 2.69300000000000E+0003	 9.41223705674014E+0006
 2.69400000000000E+0003	 9.42816973240375E+0006
 2.69500000000000E+0003	 9.44386093948638E+0006
 2.69600000000000E+0003	 9.45931408221756E+0006
 2.69700000000000E+0003	 9.47450684695062E+0006
 2.69800000000000E+0003	 9.48946064539766E+0006
 2.69900000000000E+0003	 9.50418217896078E+0006
 2.70000000000000E+0003	 9.51865556270089E+0006
