 1.00000000000000E+0003	 1.11000977061225E+0001
 1.00100000000000E+0003	 2.35759527166773E+0001
 1.00200000000000E+0003	 3.95033049719934E+0001
 1.00300000000000E+0003	 5.66951982876522E+0001
 1.00400000000000E+0003	 7.40649417280860E+0001
 1.00500000000000E+0003	 9.13516623864573E+0001
 1.00600000000000E+0003	 1.08533879613519E+0002
 1.00700000000000E+0003	 1.25618732363291E+0002
 1.00800000000000E+0003	 1.42608822576189E+0002
 1.00900000000000E+0003	 1.59505108129604E+0002
 1.01000000000000E+0003	 1.76307286664096E+0002
 1.01100000000000E+0003	 1.93015574831217E+0002
 1.01200000000000E+0003	 2.09629790718658E+0002
 1.01300000000000E+0003	 2.26151442644576E+0002
 1.01400000000000E+0003	 2.42588603490365E+0002
 1.01500000000000E+0003	 2.58980098465322E+0002
 1.01600000000000E+0003	 2.75417366494348E+0002
 1.01700000000000E+0003	 2.92036344045020E+0002
 1.01800000000000E+0003	 3.08954419649226E+0002
 1.01900000000000E+0003	 3.26235983973650E+0002
 1.02000000000000E+0003	 3.43897346479484E+0002
 1.02100000000000E+0003	 3.61943140998344E+0002
 1.02200000000000E+0003	 3.80374347590254E+0002
 1.02300000000000E+0003	 3.99191118623572E+0002
 1.02400000000000E+0003	 4.18393462489983E+0002
 1.02500000000000E+0003	 4.37983223707110E+0002
 1.02600000000000E+0003	 4.57956882937067E+0002
 1.02700000000000E+0003	 4.78318277437909E+0002
 1.02800000000000E+0003	 4.99066405896959E+0002
 1.02900000000000E+0003	 5.20202414440696E+0002
 1.03000000000000E+0003	 5.41723934133855E+0002
 1.03100000000000E+0003	 5.63631931834364E+0002
 1.03200000000000E+0003	 5.85902142499274E+0002
 1.03300000000000E+0003	 6.08442676296434E+0002
 1.03400000000000E+0003	 6.31039767783782E+0002
 1.03500000000000E+0003	 6.53395859256485E+0002
 1.03600000000000E+0003	 6.75254225963761E+0002
 1.03700000000000E+0003	 6.96499239055130E+0002
 1.03800000000000E+0003	 7.17090309998156E+0002
 1.03900000000000E+0003	 7.37024263574398E+0002
 1.04000000000000E+0003	 7.56297016698627E+0002
 1.04100000000000E+0003	 7.74909235095802E+0002
 1.04200000000000E+0003	 7.92860950287240E+0002
 1.04300000000000E+0003	 8.10150520416133E+0002
 1.04400000000000E+0003	 8.26775813239398E+0002
 1.04500000000000E+0003	 8.42738811112057E+0002
 1.04600000000000E+0003	 8.58037066098595E+0002
 1.04700000000000E+0003	 8.72674107563041E+0002
 1.04800000000000E+0003	 8.86644081479262E+0002
 1.04900000000000E+0003	 8.99954709538173E+0002
 1.05000000000000E+0003	 9.12639476904526E+0002
 1.05100000000000E+0003	 9.24831798593814E+0002
 1.05200000000000E+0003	 9.36861560511761E+0002
 1.05300000000000E+0003	 9.49204865286432E+0002
 1.05400000000000E+0003	 9.62278276181343E+0002
 1.05500000000000E+0003	 9.76291052891932E+0002
 1.05600000000000E+0003	 9.91306227409680E+0002
 1.05700000000000E+0003	 1.00733863314584E+0003
 1.05800000000000E+0003	 1.02438645956967E+0003
 1.05900000000000E+0003	 1.04245312891809E+0003
 1.06000000000000E+0003	 1.06153967438216E+0003
 1.06100000000000E+0003	 1.08164516528275E+0003
 1.06200000000000E+0003	 1.10277004240318E+0003
 1.06300000000000E+0003	 1.12492114500365E+0003
 1.06400000000000E+0003	 1.14808369269145E+0003
 1.06500000000000E+0003	 1.17227778221315E+0003
 1.06600000000000E+0003	 1.19749548394085E+0003
 1.06700000000000E+0003	 1.22374008440685E+0003
 1.06800000000000E+0003	 1.25098408410441E+0003
 1.06900000000000E+0003	 1.27915452690170E+0003
 1.07000000000000E+0003	 1.30802232866895E+0003
 1.07100000000000E+0003	 1.33722050937526E+0003
 1.07200000000000E+0003	 1.36639097884681E+0003
 1.07300000000000E+0003	 1.39532996959915E+0003
 1.07400000000000E+0003	 1.42396967069840E+0003
 1.07500000000000E+0003	 1.45229364725618E+0003
 1.07600000000000E+0003	 1.48030018233111E+0003
 1.07700000000000E+0003	 1.50797723431124E+0003
 1.07800000000000E+0003	 1.53534953377212E+0003
 1.07900000000000E+0003	 1.56240318171783E+0003
 1.08000000000000E+0003	 1.58913416331011E+0003
 1.08100000000000E+0003	 1.61555109587190E+0003
 1.08200000000000E+0003	 1.64164792189855E+0003
 1.08300000000000E+0003	 1.66742816518412E+0003
 1.08400000000000E+0003	 1.69289850409010E+0003
 1.08500000000000E+0003	 1.71856230551955E+0003
 1.08600000000000E+0003	 1.74936956091090E+0003
 1.08700000000000E+0003	 1.81291770673910E+0003
 1.08800000000000E+0003	 2.00088895420563E+0003
 1.08900000000000E+0003	 2.49305600850922E+0003
 1.09000000000000E+0003	 3.48800161578433E+0003
 1.09100000000000E+0003	 5.07372962919161E+0003
 1.09200000000000E+0003	 7.16340433270732E+0003
 1.09300000000000E+0003	 9.53661051926672E+0003
 1.09400000000000E+0003	 1.19331296018049E+0004
 1.09500000000000E+0003	 1.41372996960152E+0004
 1.09600000000000E+0003	 1.60173966784066E+0004
 1.09700000000000E+0003	 1.75254982274775E+0004
 1.09800000000000E+0003	 1.86783971849784E+0004
 1.09900000000000E+0003	 1.95272455804967E+0004
 1.10000000000000E+0003	 2.01305414702425E+0004
 1.10100000000000E+0003	 2.05493698644680E+0004
 1.10200000000000E+0003	 2.08471044866883E+0004
 1.10300000000000E+0003	 2.10735464020462E+0004
 1.10400000000000E+0003	 2.12534998286756E+0004
 1.10500000000000E+0003	 2.13945030894478E+0004
 1.10600000000000E+0003	 2.15002378765853E+0004
 1.10700000000000E+0003	 2.15777501028624E+0004
 1.10800000000000E+0003	 2.16384137264469E+0004
 1.10900000000000E+0003	 2.16914724973488E+0004
 1.11000000000000E+0003	 2.17432496854746E+0004
 1.11100000000000E+0003	 2.17954207628651E+0004
 1.11200000000000E+0003	 2.18476037165813E+0004
 1.11300000000000E+0003	 2.19002358552701E+0004
 1.11400000000000E+0003	 2.19519715339318E+0004
 1.11500000000000E+0003	 2.20020774100062E+0004
 1.11600000000000E+0003	 2.20501462333091E+0004
 1.11700000000000E+0003	 2.20958627938842E+0004
 1.11800000000000E+0003	 2.21394226697943E+0004
 1.11900000000000E+0003	 2.21811272498774E+0004
 1.12000000000000E+0003	 2.22220120814402E+0004
 1.12100000000000E+0003	 2.22631331063574E+0004
 1.12200000000000E+0003	 2.23051730233902E+0004
 1.12300000000000E+0003	 2.23483256285082E+0004
 1.12400000000000E+0003	 2.23928171797847E+0004
 1.12500000000000E+0003	 2.24388183063962E+0004
 1.12600000000000E+0003	 2.24866639721144E+0004
 1.12700000000000E+0003	 2.25374753722725E+0004
 1.12800000000000E+0003	 2.25910407152360E+0004
 1.12900000000000E+0003	 2.26482921185771E+0004
 1.13000000000000E+0003	 2.27102380703219E+0004
 1.13100000000000E+0003	 2.27814219380377E+0004
 1.13200000000000E+0003	 2.28736118721071E+0004
 1.13300000000000E+0003	 2.30050991889591E+0004
 1.13400000000000E+0003	 2.31918771635758E+0004
 1.13500000000000E+0003	 2.34433572217099E+0004
 1.13600000000000E+0003	 2.37620226947736E+0004
 1.13700000000000E+0003	 2.41468102451561E+0004
 1.13800000000000E+0003	 2.45936280260884E+0004
 1.13900000000000E+0003	 2.50941316831814E+0004
 1.14000000000000E+0003	 2.56401000560787E+0004
 1.14100000000000E+0003	 2.62264171417595E+0004
 1.14200000000000E+0003	 2.68496641566480E+0004
 1.14300000000000E+0003	 2.75060436871125E+0004
 1.14400000000000E+0003	 2.81803840843979E+0004
 1.14500000000000E+0003	 2.88414299624186E+0004
 1.14600000000000E+0003	 2.94515542167148E+0004
 1.14700000000000E+0003	 2.99823902453694E+0004
 1.14800000000000E+0003	 3.04213824084383E+0004
 1.14900000000000E+0003	 3.07678828098049E+0004
 1.15000000000000E+0003	 3.10271362463032E+0004
 1.15100000000000E+0003	 3.12161447517097E+0004
 1.15200000000000E+0003	 3.13587536175533E+0004
 1.15300000000000E+0003	 3.14756647267649E+0004
 1.15400000000000E+0003	 3.15785376190714E+0004
 1.15500000000000E+0003	 3.16700141991752E+0004
 1.15600000000000E+0003	 3.17510254817590E+0004
 1.15700000000000E+0003	 3.18235294589546E+0004
 1.15800000000000E+0003	 3.18893351872365E+0004
 1.15900000000000E+0003	 3.19509894183754E+0004
 1.16000000000000E+0003	 3.20100234740051E+0004
 1.16100000000000E+0003	 3.20670831409514E+0004
 1.16200000000000E+0003	 3.21220476566895E+0004
 1.16300000000000E+0003	 3.21750021610505E+0004
 1.16400000000000E+0003	 3.22259869012292E+0004
 1.16500000000000E+0003	 3.22752506353696E+0004
 1.16600000000000E+0003	 3.23225301116865E+0004
 1.16700000000000E+0003	 3.23678300177262E+0004
 1.16800000000000E+0003	 3.24112190107421E+0004
 1.16900000000000E+0003	 3.24525822627002E+0004
 1.17000000000000E+0003	 3.24923741150484E+0004
 1.17100000000000E+0003	 3.25306214779288E+0004
 1.17200000000000E+0003	 3.25679139055073E+0004
 1.17300000000000E+0003	 3.26040359081958E+0004
 1.17400000000000E+0003	 3.26392455671228E+0004
 1.17500000000000E+0003	 3.26737211218678E+0004
 1.17600000000000E+0003	 3.27071842988829E+0004
 1.17700000000000E+0003	 3.27398063570258E+0004
 1.17800000000000E+0003	 3.27712496853409E+0004
 1.17900000000000E+0003	 3.28023444924273E+0004
 1.18000000000000E+0003	 3.28322142433357E+0004
 1.18100000000000E+0003	 3.28613868745038E+0004
 1.18200000000000E+0003	 3.28897694524601E+0004
 1.18300000000000E+0003	 3.29178828575705E+0004
 1.18400000000000E+0003	 3.29456858023573E+0004
 1.18500000000000E+0003	 3.29740984931112E+0004
 1.18600000000000E+0003	 3.30026704653881E+0004
 1.18700000000000E+0003	 3.30320145089259E+0004
 1.18800000000000E+0003	 3.30617488281174E+0004
 1.18900000000000E+0003	 3.30918804445390E+0004
 1.19000000000000E+0003	 3.31226878667912E+0004
 1.19100000000000E+0003	 3.31541571695428E+0004
 1.19200000000000E+0003	 3.31859376086079E+0004
 1.19300000000000E+0003	 3.32181945263752E+0004
 1.19400000000000E+0003	 3.32513046081324E+0004
 1.19500000000000E+0003	 3.32844863255892E+0004
 1.19600000000000E+0003	 3.33174310661754E+0004
 1.19700000000000E+0003	 3.33496345555783E+0004
 1.19800000000000E+0003	 3.33801920248881E+0004
 1.19900000000000E+0003	 3.34091837963883E+0004
 1.20000000000000E+0003	 3.34363135580132E+0004
 1.20100000000000E+0003	 3.34618472399201E+0004
 1.20200000000000E+0003	 3.34852643741706E+0004
 1.20300000000000E+0003	 3.35072534443148E+0004
 1.20400000000000E+0003	 3.35271291192831E+0004
 1.20500000000000E+0003	 3.35450678853791E+0004
 1.20600000000000E+0003	 3.35616367449374E+0004
 1.20700000000000E+0003	 3.35763472631674E+0004
 1.20800000000000E+0003	 3.35896269943703E+0004
 1.20900000000000E+0003	 3.36027392361291E+0004
 1.21000000000000E+0003	 3.36160333637671E+0004
 1.21100000000000E+0003	 3.36308841776583E+0004
 1.21200000000000E+0003	 3.36470281051612E+0004
 1.21300000000000E+0003	 3.36647254203331E+0004
 1.21400000000000E+0003	 3.36841572734482E+0004
 1.21500000000000E+0003	 3.37048423140324E+0004
 1.21600000000000E+0003	 3.37269230075533E+0004
 1.21700000000000E+0003	 3.37509272128123E+0004
 1.21800000000000E+0003	 3.37761479619628E+0004
 1.21900000000000E+0003	 3.38028943117862E+0004
 1.22000000000000E+0003	 3.38309215409312E+0004
 1.22100000000000E+0003	 3.38600724587916E+0004
 1.22200000000000E+0003	 3.38902942186598E+0004
 1.22300000000000E+0003	 3.39205148958230E+0004
 1.22400000000000E+0003	 3.39504838366449E+0004
 1.22500000000000E+0003	 3.39801952704444E+0004
 1.22600000000000E+0003	 3.40092317915994E+0004
 1.22700000000000E+0003	 3.40379871861743E+0004
 1.22800000000000E+0003	 3.40661838076038E+0004
 1.22900000000000E+0003	 3.40941786821924E+0004
 1.23000000000000E+0003	 3.41217757663459E+0004
 1.23100000000000E+0003	 3.41490183034539E+0004
 1.23200000000000E+0003	 3.41757366422429E+0004
 1.23300000000000E+0003	 3.42019349036709E+0004
 1.23400000000000E+0003	 3.42284644381577E+0004
 1.23500000000000E+0003	 3.42552991137009E+0004
 1.23600000000000E+0003	 3.42837742783336E+0004
 1.23700000000000E+0003	 3.43143909488301E+0004
 1.23800000000000E+0003	 3.43476054905556E+0004
 1.23900000000000E+0003	 3.43834475390052E+0004
 1.24000000000000E+0003	 3.44216984720154E+0004
 1.24100000000000E+0003	 3.44627912470140E+0004
 1.24200000000000E+0003	 3.45063992580756E+0004
 1.24300000000000E+0003	 3.45525549575680E+0004
 1.24400000000000E+0003	 3.46011698628804E+0004
 1.24500000000000E+0003	 3.46528397953702E+0004
 1.24600000000000E+0003	 3.47066997870009E+0004
 1.24700000000000E+0003	 3.47629391884156E+0004
 1.24800000000000E+0003	 3.48205063322796E+0004
 1.24900000000000E+0003	 3.48779003413540E+0004
 1.25000000000000E+0003	 3.49339873279971E+0004
 1.25100000000000E+0003	 3.49883246005082E+0004
 1.25200000000000E+0003	 3.50403691055778E+0004
 1.25300000000000E+0003	 3.50909014392744E+0004
 1.25400000000000E+0003	 3.51390825373641E+0004
 1.25500000000000E+0003	 3.51848974843523E+0004
 1.25600000000000E+0003	 3.52291384433438E+0004
 1.25700000000000E+0003	 3.52710209289839E+0004
 1.25800000000000E+0003	 3.53107423436234E+0004
 1.25900000000000E+0003	 3.53485676835077E+0004
 1.26000000000000E+0003	 3.53846888888268E+0004
 1.26100000000000E+0003	 3.54197733838667E+0004
 1.26200000000000E+0003	 3.54553031093112E+0004
 1.26300000000000E+0003	 3.54924417405066E+0004
 1.26400000000000E+0003	 3.55318149025554E+0004
 1.26500000000000E+0003	 3.55733933095457E+0004
 1.26600000000000E+0003	 3.56177852932357E+0004
 1.26700000000000E+0003	 3.56643988234570E+0004
 1.26800000000000E+0003	 3.57136013620855E+0004
 1.26900000000000E+0003	 3.57659194227884E+0004
 1.27000000000000E+0003	 3.58204541302794E+0004
 1.27100000000000E+0003	 3.58774006467947E+0004
 1.27200000000000E+0003	 3.59373261882088E+0004
 1.27300000000000E+0003	 3.59991626334265E+0004
 1.27400000000000E+0003	 3.60620260726079E+0004
 1.27500000000000E+0003	 3.61247693994688E+0004
 1.27600000000000E+0003	 3.61847773302929E+0004
 1.27700000000000E+0003	 3.62411754648158E+0004
 1.27800000000000E+0003	 3.62935598764361E+0004
 1.27900000000000E+0003	 3.63422288588276E+0004
 1.28000000000000E+0003	 3.63888881545630E+0004
 1.28100000000000E+0003	 3.64378989920389E+0004
 1.28200000000000E+0003	 3.64962971054051E+0004
 1.28300000000000E+0003	 3.65708692644779E+0004
 1.28400000000000E+0003	 3.66646859619808E+0004
 1.28500000000000E+0003	 3.67791599337146E+0004
 1.28600000000000E+0003	 3.69130920874586E+0004
 1.28700000000000E+0003	 3.70641786642752E+0004
 1.28800000000000E+0003	 3.72261019243030E+0004
 1.28900000000000E+0003	 3.73912937062812E+0004
 1.29000000000000E+0003	 3.75532112337094E+0004
 1.29100000000000E+0003	 3.77093271607196E+0004
 1.29200000000000E+0003	 3.78587019822607E+0004
 1.29300000000000E+0003	 3.80009176084246E+0004
 1.29400000000000E+0003	 3.81365283216817E+0004
 1.29500000000000E+0003	 3.82650409328319E+0004
 1.29600000000000E+0003	 3.83867864971288E+0004
 1.29700000000000E+0003	 3.85021921954068E+0004
 1.29800000000000E+0003	 3.86128467143847E+0004
 1.29900000000000E+0003	 3.87226224948701E+0004
 1.30000000000000E+0003	 3.88343274014351E+0004
 1.30100000000000E+0003	 3.89503799530999E+0004
 1.30200000000000E+0003	 3.90709607390592E+0004
 1.30300000000000E+0003	 3.91960309693366E+0004
 1.30400000000000E+0003	 3.93249614546939E+0004
 1.30500000000000E+0003	 3.94577532870561E+0004
 1.30600000000000E+0003	 3.95943003369064E+0004
 1.30700000000000E+0003	 3.97345444619554E+0004
 1.30800000000000E+0003	 3.98783724512871E+0004
 1.30900000000000E+0003	 4.00265324626518E+0004
 1.31000000000000E+0003	 4.01785504019319E+0004
 1.31100000000000E+0003	 4.03341931413458E+0004
 1.31200000000000E+0003	 4.04938732251290E+0004
 1.31300000000000E+0003	 4.06574289812020E+0004
 1.31400000000000E+0003	 4.08247200314812E+0004
 1.31500000000000E+0003	 4.09959110801923E+0004
 1.31600000000000E+0003	 4.11707291966489E+0004
 1.31700000000000E+0003	 4.13492660360941E+0004
 1.31800000000000E+0003	 4.15310029007524E+0004
 1.31900000000000E+0003	 4.17163342980094E+0004
 1.32000000000000E+0003	 4.19049976439278E+0004
 1.32100000000000E+0003	 4.20974754013617E+0004
 1.32200000000000E+0003	 4.22933269084896E+0004
 1.32300000000000E+0003	 4.24926138595623E+0004
 1.32400000000000E+0003	 4.26953334254938E+0004
 1.32500000000000E+0003	 4.29014377301518E+0004
 1.32600000000000E+0003	 4.31112743990290E+0004
 1.32700000000000E+0003	 4.33259612342681E+0004
 1.32800000000000E+0003	 4.35480562769500E+0004
 1.32900000000000E+0003	 4.37831030310050E+0004
 1.33000000000000E+0003	 4.40357395521080E+0004
 1.33100000000000E+0003	 4.43091566972029E+0004
 1.33200000000000E+0003	 4.46042833432549E+0004
 1.33300000000000E+0003	 4.49214429242317E+0004
 1.33400000000000E+0003	 4.52610644140576E+0004
 1.33500000000000E+0003	 4.56227353474395E+0004
 1.33600000000000E+0003	 4.60066236457434E+0004
 1.33700000000000E+0003	 4.64126902365011E+0004
 1.33800000000000E+0003	 4.68410852722793E+0004
 1.33900000000000E+0003	 4.72924513118416E+0004
 1.34000000000000E+0003	 4.77679835024981E+0004
 1.34100000000000E+0003	 4.82739699234170E+0004
 1.34200000000000E+0003	 4.88260546192142E+0004
 1.34300000000000E+0003	 4.94460538662432E+0004
 1.34400000000000E+0003	 5.01569904493755E+0004
 1.34500000000000E+0003	 5.09813497847011E+0004
 1.34600000000000E+0003	 5.19450114942799E+0004
 1.34700000000000E+0003	 5.30640329216658E+0004
 1.34800000000000E+0003	 5.43174936045271E+0004
 1.34900000000000E+0003	 5.56316503863231E+0004
 1.35000000000000E+0003	 5.69057006484152E+0004
 1.35100000000000E+0003	 5.80618331441598E+0004
 1.35200000000000E+0003	 5.90681612821107E+0004
 1.35300000000000E+0003	 5.99215103963143E+0004
 1.35400000000000E+0003	 6.06307663603610E+0004
 1.35500000000000E+0003	 6.12139753171993E+0004
 1.35600000000000E+0003	 6.17022249480283E+0004
 1.35700000000000E+0003	 6.21324643071434E+0004
 1.35800000000000E+0003	 6.25359918339518E+0004
 1.35900000000000E+0003	 6.29361058577478E+0004
 1.36000000000000E+0003	 6.33551754126022E+0004
 1.36100000000000E+0003	 6.38161539838474E+0004
 1.36200000000000E+0003	 6.43426823432719E+0004
 1.36300000000000E+0003	 6.49659515359503E+0004
 1.36400000000000E+0003	 6.57184525235974E+0004
 1.36500000000000E+0003	 6.66217363245495E+0004
 1.36600000000000E+0003	 6.76848460641950E+0004
 1.36700000000000E+0003	 6.89101384981434E+0004
 1.36800000000000E+0003	 7.03023240616572E+0004
 1.36900000000000E+0003	 7.18729474158207E+0004
 1.37000000000000E+0003	 7.36428100274724E+0004
 1.37100000000000E+0003	 7.56301235660638E+0004
 1.37200000000000E+0003	 7.78326299689810E+0004
 1.37300000000000E+0003	 8.02179619970096E+0004
 1.37400000000000E+0003	 8.27321892718043E+0004
 1.37500000000000E+0003	 8.53203679214356E+0004
 1.37600000000000E+0003	 8.79256613328658E+0004
 1.37700000000000E+0003	 9.04782494838420E+0004
 1.37800000000000E+0003	 9.29098432060089E+0004
 1.37900000000000E+0003	 9.51713588493604E+0004
 1.38000000000000E+0003	 9.72303421798783E+0004
 1.38100000000000E+0003	 9.90619003690420E+0004
 1.38200000000000E+0003	 1.00657320622704E+0005
 1.38300000000000E+0003	 1.02038116417931E+0005
 1.38400000000000E+0003	 1.03252709355033E+0005
 1.38500000000000E+0003	 1.04351444985386E+0005
 1.38600000000000E+0003	 1.05363604413840E+0005
 1.38700000000000E+0003	 1.06299779428322E+0005
 1.38800000000000E+0003	 1.07162298148437E+0005
 1.38900000000000E+0003	 1.07951905908035E+0005
 1.39000000000000E+0003	 1.08671063656743E+0005
 1.39100000000000E+0003	 1.09322488221183E+0005
 1.39200000000000E+0003	 1.09910652124269E+0005
 1.39300000000000E+0003	 1.10436550316943E+0005
 1.39400000000000E+0003	 1.10901091891365E+0005
 1.39500000000000E+0003	 1.11304541048697E+0005
 1.39600000000000E+0003	 1.11652052264896E+0005
 1.39700000000000E+0003	 1.11952682950522E+0005
 1.39800000000000E+0003	 1.12221335470865E+0005
 1.39900000000000E+0003	 1.12472753392815E+0005
 1.40000000000000E+0003	 1.12714952361061E+0005
 1.40100000000000E+0003	 1.12951329308622E+0005
 1.40200000000000E+0003	 1.13181891783432E+0005
 1.40300000000000E+0003	 1.13408109042072E+0005
 1.40400000000000E+0003	 1.13631817184309E+0005
 1.40500000000000E+0003	 1.13855937399180E+0005
 1.40600000000000E+0003	 1.14084205092318E+0005
 1.40700000000000E+0003	 1.14317590616174E+0005
 1.40800000000000E+0003	 1.14557321650338E+0005
 1.40900000000000E+0003	 1.14803039323967E+0005
 1.41000000000000E+0003	 1.15056842457444E+0005
 1.41100000000000E+0003	 1.15320086114615E+0005
 1.41200000000000E+0003	 1.15598266485457E+0005
 1.41300000000000E+0003	 1.15896416172442E+0005
 1.41400000000000E+0003	 1.16216062542176E+0005
 1.41500000000000E+0003	 1.16558323546733E+0005
 1.41600000000000E+0003	 1.16923644940501E+0005
 1.41700000000000E+0003	 1.17313187398195E+0005
 1.41800000000000E+0003	 1.17729652815593E+0005
 1.41900000000000E+0003	 1.18178408750315E+0005
 1.42000000000000E+0003	 1.18663033377960E+0005
 1.42100000000000E+0003	 1.19184714343423E+0005
 1.42200000000000E+0003	 1.19741553118502E+0005
 1.42300000000000E+0003	 1.20328356307581E+0005
 1.42400000000000E+0003	 1.20937860052652E+0005
 1.42500000000000E+0003	 1.21554325280043E+0005
 1.42600000000000E+0003	 1.22156518271501E+0005
 1.42700000000000E+0003	 1.22723403312735E+0005
 1.42800000000000E+0003	 1.23244430647181E+0005
 1.42900000000000E+0003	 1.23719797725331E+0005
 1.43000000000000E+0003	 1.24154097993512E+0005
 1.43100000000000E+0003	 1.24552422967978E+0005
 1.43200000000000E+0003	 1.24916648232368E+0005
 1.43300000000000E+0003	 1.25249636400749E+0005
 1.43400000000000E+0003	 1.25552604660187E+0005
 1.43500000000000E+0003	 1.25825574887569E+0005
 1.43600000000000E+0003	 1.26067563851917E+0005
 1.43700000000000E+0003	 1.26283180239242E+0005
 1.43800000000000E+0003	 1.26471981787455E+0005
 1.43900000000000E+0003	 1.26635409917928E+0005
 1.44000000000000E+0003	 1.26780389959694E+0005
 1.44100000000000E+0003	 1.26910516576732E+0005
 1.44200000000000E+0003	 1.27029538130405E+0005
 1.44300000000000E+0003	 1.27138444114954E+0005
 1.44400000000000E+0003	 1.27238109514600E+0005
 1.44500000000000E+0003	 1.27327949004462E+0005
 1.44600000000000E+0003	 1.27408112156561E+0005
 1.44700000000000E+0003	 1.27479142341504E+0005
 1.44800000000000E+0003	 1.27541505524365E+0005
 1.44900000000000E+0003	 1.27596449020094E+0005
 1.45000000000000E+0003	 1.27646552711992E+0005
 1.45100000000000E+0003	 1.27694770874770E+0005
 1.45200000000000E+0003	 1.27743178385508E+0005
 1.45300000000000E+0003	 1.27791800574721E+0005
 1.45400000000000E+0003	 1.27841143641466E+0005
 1.45500000000000E+0003	 1.27891253686945E+0005
 1.45600000000000E+0003	 1.27941921096756E+0005
 1.45700000000000E+0003	 1.27993208232848E+0005
 1.45800000000000E+0003	 1.28044669848514E+0005
 1.45900000000000E+0003	 1.28097129166074E+0005
 1.46000000000000E+0003	 1.28149986918612E+0005
 1.46100000000000E+0003	 1.28203045274639E+0005
 1.46200000000000E+0003	 1.28256378841044E+0005
 1.46300000000000E+0003	 1.28309630927426E+0005
 1.46400000000000E+0003	 1.28362621937852E+0005
 1.46500000000000E+0003	 1.28415464126744E+0005
 1.46600000000000E+0003	 1.28468171906205E+0005
 1.46700000000000E+0003	 1.28520476306016E+0005
 1.46800000000000E+0003	 1.28573076727615E+0005
 1.46900000000000E+0003	 1.28625425334906E+0005
 1.47000000000000E+0003	 1.28677663964132E+0005
 1.47100000000000E+0003	 1.28729537799285E+0005
 1.47200000000000E+0003	 1.28781203608472E+0005
 1.47300000000000E+0003	 1.28832875870520E+0005
 1.47400000000000E+0003	 1.28885014229395E+0005
 1.47500000000000E+0003	 1.28936735300530E+0005
 1.47600000000000E+0003	 1.28988393461510E+0005
 1.47700000000000E+0003	 1.29040125662488E+0005
 1.47800000000000E+0003	 1.29091567389854E+0005
 1.47900000000000E+0003	 1.29143132271892E+0005
 1.48000000000000E+0003	 1.29187831029819E+0005
 1.48100000000000E+0003	 1.29239178900500E+0005
 1.48200000000000E+0003	 1.29290675946625E+0005
 1.48300000000000E+0003	 1.29343580871974E+0005
 1.48400000000000E+0003	 1.29398439364698E+0005
 1.48500000000000E+0003	 1.29455403675775E+0005
 1.48600000000000E+0003	 1.29515314149902E+0005
 1.48700000000000E+0003	 1.29577541355421E+0005
 1.48800000000000E+0003	 1.29642448707669E+0005
 1.48900000000000E+0003	 1.29709981999365E+0005
 1.49000000000000E+0003	 1.29780543816442E+0005
 1.49100000000000E+0003	 1.29852484169802E+0005
 1.49200000000000E+0003	 1.29927780769190E+0005
 1.49300000000000E+0003	 1.30005333347468E+0005
 1.49400000000000E+0003	 1.30085729976529E+0005
 1.49500000000000E+0003	 1.30168562427736E+0005
 1.49600000000000E+0003	 1.30253724427507E+0005
 1.49700000000000E+0003	 1.30341779025312E+0005
 1.49800000000000E+0003	 1.30432116999030E+0005
 1.49900000000000E+0003	 1.30525579533888E+0005
 1.50000000000000E+0003	 1.30621460625057E+0005
 1.50100000000000E+0003	 1.30719849956785E+0005
 1.50200000000000E+0003	 1.30820729832886E+0005
 1.50300000000000E+0003	 1.30923286291298E+0005
 1.50400000000000E+0003	 1.31027253258128E+0005
 1.50500000000000E+0003	 1.31131631162021E+0005
 1.50600000000000E+0003	 1.31236035320041E+0005
 1.50700000000000E+0003	 1.31338896281791E+0005
 1.50800000000000E+0003	 1.31441525244074E+0005
 1.50900000000000E+0003	 1.31542694401552E+0005
 1.51000000000000E+0003	 1.31642896463995E+0005
 1.51100000000000E+0003	 1.31741777794059E+0005
 1.51200000000000E+0003	 1.31839325423767E+0005
 1.51300000000000E+0003	 1.31936361620405E+0005
 1.51400000000000E+0003	 1.32032347901249E+0005
 1.51500000000000E+0003	 1.32128232250099E+0005
 1.51600000000000E+0003	 1.32222617293728E+0005
 1.51700000000000E+0003	 1.32316046500451E+0005
 1.51800000000000E+0003	 1.32408473467031E+0005
 1.51900000000000E+0003	 1.32500490883772E+0005
 1.52000000000000E+0003	 1.32591210340754E+0005
 1.52100000000000E+0003	 1.32681157645190E+0005
 1.52200000000000E+0003	 1.32770397551904E+0005
 1.52300000000000E+0003	 1.32858214884868E+0005
 1.52400000000000E+0003	 1.32945735753613E+0005
 1.52500000000000E+0003	 1.33032792916639E+0005
 1.52600000000000E+0003	 1.33121922391328E+0005
 1.52700000000000E+0003	 1.33213854703189E+0005
 1.52800000000000E+0003	 1.33298137061139E+0005
 1.52900000000000E+0003	 1.33399024370795E+0005
 1.53000000000000E+0003	 1.33504012203513E+0005
 1.53100000000000E+0003	 1.33614144272574E+0005
 1.53200000000000E+0003	 1.33728700364698E+0005
 1.53300000000000E+0003	 1.33848423011114E+0005
 1.53400000000000E+0003	 1.33973237138854E+0005
 1.53500000000000E+0003	 1.34102953227357E+0005
 1.53600000000000E+0003	 1.34237973422159E+0005
 1.53700000000000E+0003	 1.34378291114094E+0005
 1.53800000000000E+0003	 1.34523068646944E+0005
 1.53900000000000E+0003	 1.34672827254896E+0005
 1.54000000000000E+0003	 1.34827917665794E+0005
 1.54100000000000E+0003	 1.34988056618712E+0005
 1.54200000000000E+0003	 1.35152552451856E+0005
 1.54300000000000E+0003	 1.35322614155864E+0005
 1.54400000000000E+0003	 1.35497582973813E+0005
 1.54500000000000E+0003	 1.35677857420757E+0005
 1.54600000000000E+0003	 1.35862683093704E+0005
 1.54700000000000E+0003	 1.36050758935493E+0005
 1.54800000000000E+0003	 1.36240204748951E+0005
 1.54900000000000E+0003	 1.36428487600396E+0005
 1.55000000000000E+0003	 1.36613968149690E+0005
 1.55100000000000E+0003	 1.36795106212843E+0005
 1.55200000000000E+0003	 1.36972928253537E+0005
 1.55300000000000E+0003	 1.37146999714811E+0005
 1.55400000000000E+0003	 1.37316592018256E+0005
 1.55500000000000E+0003	 1.37482135922540E+0005
 1.55600000000000E+0003	 1.37644118571905E+0005
 1.55700000000000E+0003	 1.37802380924458E+0005
 1.55800000000000E+0003	 1.37956165917385E+0005
 1.55900000000000E+0003	 1.38106101949191E+0005
 1.56000000000000E+0003	 1.38253196300673E+0005
 1.56100000000000E+0003	 1.38396017037676E+0005
 1.56200000000000E+0003	 1.38534996760475E+0005
 1.56300000000000E+0003	 1.38670231860084E+0005
 1.56400000000000E+0003	 1.38802377306288E+0005
 1.56500000000000E+0003	 1.38930058456732E+0005
 1.56600000000000E+0003	 1.39054023204160E+0005
 1.56700000000000E+0003	 1.39174545680076E+0005
 1.56800000000000E+0003	 1.39291545959382E+0005
 1.56900000000000E+0003	 1.39406431441809E+0005
 1.57000000000000E+0003	 1.39523672689098E+0005
 1.57100000000000E+0003	 1.39647254612865E+0005
 1.57200000000000E+0003	 1.39779586700328E+0005
 1.57300000000000E+0003	 1.39922320722273E+0005
 1.57400000000000E+0003	 1.40076450433798E+0005
 1.57500000000000E+0003	 1.40241639902746E+0005
 1.57600000000000E+0003	 1.40417753489434E+0005
 1.57700000000000E+0003	 1.40604994999124E+0005
 1.57800000000000E+0003	 1.40803464279683E+0005
 1.57900000000000E+0003	 1.41012615345898E+0005
 1.58000000000000E+0003	 1.41212957150057E+0005
 1.58100000000000E+0003	 1.41442794100194E+0005
 1.58200000000000E+0003	 1.41683912745115E+0005
 1.58300000000000E+0003	 1.41935155006388E+0005
 1.58400000000000E+0003	 1.42194879330102E+0005
 1.58500000000000E+0003	 1.42460948564158E+0005
 1.58600000000000E+0003	 1.42728966624708E+0005
 1.58700000000000E+0003	 1.42996359573514E+0005
 1.58800000000000E+0003	 1.43262606101489E+0005
 1.58900000000000E+0003	 1.43527179032000E+0005
 1.59000000000000E+0003	 1.43790086621454E+0005
 1.59100000000000E+0003	 1.44051110372058E+0005
 1.59200000000000E+0003	 1.44310432914065E+0005
 1.59300000000000E+0003	 1.44568998445771E+0005
 1.59400000000000E+0003	 1.44825432676013E+0005
 1.59500000000000E+0003	 1.45080007461377E+0005
 1.59600000000000E+0003	 1.45332620607132E+0005
 1.59700000000000E+0003	 1.45583648912352E+0005
 1.59800000000000E+0003	 1.45833313295674E+0005
 1.59900000000000E+0003	 1.46082769118636E+0005
 1.60000000000000E+0003	 1.46332918689910E+0005
 1.60100000000000E+0003	 1.46585630894984E+0005
 1.60200000000000E+0003	 1.46841915447220E+0005
 1.60300000000000E+0003	 1.47100652895753E+0005
 1.60400000000000E+0003	 1.47363157572176E+0005
 1.60500000000000E+0003	 1.47627252934846E+0005
 1.60600000000000E+0003	 1.47892600829526E+0005
 1.60700000000000E+0003	 1.48159002683189E+0005
 1.60800000000000E+0003	 1.48427915505096E+0005
 1.60900000000000E+0003	 1.48698900140560E+0005
 1.61000000000000E+0003	 1.48972733922192E+0005
 1.61100000000000E+0003	 1.49248820496386E+0005
 1.61200000000000E+0003	 1.49527541728950E+0005
 1.61300000000000E+0003	 1.49809781012692E+0005
 1.61400000000000E+0003	 1.50094556774738E+0005
 1.61500000000000E+0003	 1.50382562919538E+0005
 1.61600000000000E+0003	 1.50673813608586E+0005
 1.61700000000000E+0003	 1.50969151808854E+0005
 1.61800000000000E+0003	 1.51267326984051E+0005
 1.61900000000000E+0003	 1.51569558459351E+0005
 1.62000000000000E+0003	 1.51875342732235E+0005
 1.62100000000000E+0003	 1.52184552007116E+0005
 1.62200000000000E+0003	 1.52498572738925E+0005
 1.62300000000000E+0003	 1.52817897344363E+0005
 1.62400000000000E+0003	 1.53143170916564E+0005
 1.62500000000000E+0003	 1.53475237530834E+0005
 1.62600000000000E+0003	 1.53813870920263E+0005
 1.62700000000000E+0003	 1.54159329641175E+0005
 1.62800000000000E+0003	 1.54511427080913E+0005
 1.62900000000000E+0003	 1.54869893479577E+0005
 1.63000000000000E+0003	 1.55235484685585E+0005
 1.63100000000000E+0003	 1.55607592510824E+0005
 1.63200000000000E+0003	 1.55986712129986E+0005
 1.63300000000000E+0003	 1.56371876475475E+0005
 1.63400000000000E+0003	 1.56764410086800E+0005
 1.63500000000000E+0003	 1.57163297287671E+0005
 1.63600000000000E+0003	 1.57542471209793E+0005
 1.63700000000000E+0003	 1.57954790051277E+0005
 1.63800000000000E+0003	 1.58375525936568E+0005
 1.63900000000000E+0003	 1.58805369175809E+0005
 1.64000000000000E+0003	 1.59244159652505E+0005
 1.64100000000000E+0003	 1.59692519076030E+0005
 1.64200000000000E+0003	 1.60150158147702E+0005
 1.64300000000000E+0003	 1.60617396850704E+0005
 1.64400000000000E+0003	 1.61094214005665E+0005
 1.64500000000000E+0003	 1.61581268645680E+0005
 1.64600000000000E+0003	 1.62077668290249E+0005
 1.64700000000000E+0003	 1.62583986787602E+0005
 1.64800000000000E+0003	 1.63099214188851E+0005
 1.64900000000000E+0003	 1.63624495195925E+0005
 1.65000000000000E+0003	 1.64159043352670E+0005
 1.65100000000000E+0003	 1.64702342341713E+0005
 1.65200000000000E+0003	 1.65254178873996E+0005
 1.65300000000000E+0003	 1.65812883791586E+0005
 1.65400000000000E+0003	 1.66377881104339E+0005
 1.65500000000000E+0003	 1.66947777998105E+0005
 1.65600000000000E+0003	 1.67522466408603E+0005
 1.65700000000000E+0003	 1.68101683082384E+0005
 1.65800000000000E+0003	 1.68686477513165E+0005
 1.65900000000000E+0003	 1.69278047100790E+0005
 1.66000000000000E+0003	 1.69879411703652E+0005
 1.66100000000000E+0003	 1.70494849788372E+0005
 1.66200000000000E+0003	 1.71127383284832E+0005
 1.66300000000000E+0003	 1.71777796710141E+0005
 1.66400000000000E+0003	 1.72446779693264E+0005
 1.66500000000000E+0003	 1.73134389800146E+0005
 1.66600000000000E+0003	 1.73840686593895E+0005
 1.66700000000000E+0003	 1.74564959014073E+0005
 1.66800000000000E+0003	 1.75306207095724E+0005
 1.66900000000000E+0003	 1.76063099602624E+0005
 1.67000000000000E+0003	 1.76835398007228E+0005
 1.67100000000000E+0003	 1.77622290992572E+0005
 1.67200000000000E+0003	 1.78423716225014E+0005
 1.67300000000000E+0003	 1.79241011637393E+0005
 1.67400000000000E+0003	 1.80074748032583E+0005
 1.67500000000000E+0003	 1.80929051490497E+0005
 1.67600000000000E+0003	 1.81808995386917E+0005
 1.67700000000000E+0003	 1.82719339744894E+0005
 1.67800000000000E+0003	 1.83661467876609E+0005
 1.67900000000000E+0003	 1.84637588440284E+0005
 1.68000000000000E+0003	 1.85646286177214E+0005
 1.68100000000000E+0003	 1.86689238890444E+0005
 1.68200000000000E+0003	 1.87765937755060E+0005
 1.68300000000000E+0003	 1.88880656232659E+0005
 1.68400000000000E+0003	 1.90034234434279E+0005
 1.68500000000000E+0003	 1.91229479126415E+0005
 1.68600000000000E+0003	 1.92466351822277E+0005
 1.68700000000000E+0003	 1.93746902409268E+0005
 1.68800000000000E+0003	 1.95069030100373E+0005
 1.68900000000000E+0003	 1.96431582149295E+0005
 1.69000000000000E+0003	 1.97829866215187E+0005
 1.69100000000000E+0003	 1.99256645734140E+0005
 1.69200000000000E+0003	 2.00702504761976E+0005
 1.69300000000000E+0003	 2.02162626023188E+0005
 1.69400000000000E+0003	 2.03630574074695E+0005
 1.69500000000000E+0003	 2.05098581443917E+0005
 1.69600000000000E+0003	 2.06553116915636E+0005
 1.69700000000000E+0003	 2.07983406919427E+0005
 1.69800000000000E+0003	 2.09347260424393E+0005
 1.69900000000000E+0003	 2.10703554570497E+0005
 1.70000000000000E+0003	 2.12015270361624E+0005
 1.70100000000000E+0003	 2.13278961822630E+0005
 1.70200000000000E+0003	 2.14495160860976E+0005
 1.70300000000000E+0003	 2.15662565135098E+0005
 1.70400000000000E+0003	 2.16782588546140E+0005
 1.70500000000000E+0003	 2.17858673683732E+0005
 1.70600000000000E+0003	 2.18897729287840E+0005
 1.70700000000000E+0003	 2.19907793512358E+0005
 1.70800000000000E+0003	 2.20896743946590E+0005
 1.70900000000000E+0003	 2.21866135582066E+0005
 1.71000000000000E+0003	 2.22818188076986E+0005
 1.71100000000000E+0003	 2.23752362413703E+0005
 1.71200000000000E+0003	 2.24668914285169E+0005
 1.71300000000000E+0003	 2.25568865933465E+0005
 1.71400000000000E+0003	 2.26454683296037E+0005
 1.71500000000000E+0003	 2.27326992895334E+0005
 1.71600000000000E+0003	 2.28188423454956E+0005
 1.71700000000000E+0003	 2.29038772723906E+0005
 1.71800000000000E+0003	 2.29878840234161E+0005
 1.71900000000000E+0003	 2.30708480717913E+0005
 1.72000000000000E+0003	 2.31529015554902E+0005
 1.72100000000000E+0003	 2.32344454543432E+0005
 1.72200000000000E+0003	 2.33160532968299E+0005
 1.72300000000000E+0003	 2.33983432549162E+0005
 1.72400000000000E+0003	 2.34815517118307E+0005
 1.72500000000000E+0003	 2.35659190902358E+0005
 1.72600000000000E+0003	 2.36513102841752E+0005
 1.72700000000000E+0003	 2.37378108587831E+0005
 1.72800000000000E+0003	 2.38254794259150E+0005
 1.72900000000000E+0003	 2.39144491790066E+0005
 1.73000000000000E+0003	 2.40048394161830E+0005
 1.73100000000000E+0003	 2.40968763272851E+0005
 1.73200000000000E+0003	 2.41905823532022E+0005
 1.73300000000000E+0003	 2.42861384359447E+0005
 1.73400000000000E+0003	 2.43833848027150E+0005
 1.73500000000000E+0003	 2.44823795323276E+0005
 1.73600000000000E+0003	 2.45829609688114E+0005
 1.73700000000000E+0003	 2.46850071079014E+0005
 1.73800000000000E+0003	 2.47880984877110E+0005
 1.73900000000000E+0003	 2.48921838948157E+0005
 1.74000000000000E+0003	 2.49969961052583E+0005
 1.74100000000000E+0003	 2.51027445512059E+0005
 1.74200000000000E+0003	 2.52091515050484E+0005
 1.74300000000000E+0003	 2.53162893415928E+0005
 1.74400000000000E+0003	 2.54240609295184E+0005
 1.74500000000000E+0003	 2.55322048391252E+0005
 1.74600000000000E+0003	 2.56404003473219E+0005
 1.74700000000000E+0003	 2.57484427957113E+0005
 1.74800000000000E+0003	 2.58563399983221E+0005
 1.74900000000000E+0003	 2.59640159567901E+0005
 1.75000000000000E+0003	 2.60714808195333E+0005
 1.75100000000000E+0003	 2.61789136234108E+0005
 1.75200000000000E+0003	 2.62866395380377E+0005
 1.75300000000000E+0003	 2.63952088343634E+0005
 1.75400000000000E+0003	 2.65052315035579E+0005
 1.75500000000000E+0003	 2.66170151208722E+0005
 1.75600000000000E+0003	 2.67308705629656E+0005
 1.75700000000000E+0003	 2.68466768884797E+0005
 1.75800000000000E+0003	 2.69644110564084E+0005
 1.75900000000000E+0003	 2.70842261999304E+0005
 1.76000000000000E+0003	 2.72059461937826E+0005
 1.76100000000000E+0003	 2.73295142855577E+0005
 1.76200000000000E+0003	 2.74549179509039E+0005
 1.76300000000000E+0003	 2.75819748818413E+0005
 1.76400000000000E+0003	 2.77108467159596E+0005
 1.76500000000000E+0003	 2.78414317871242E+0005
 1.76600000000000E+0003	 2.79700636118273E+0005
 1.76700000000000E+0003	 2.81039203980557E+0005
 1.76800000000000E+0003	 2.82390018032580E+0005
 1.76900000000000E+0003	 2.83747635021785E+0005
 1.77000000000000E+0003	 2.85109346192142E+0005
 1.77100000000000E+0003	 2.86471530029062E+0005
 1.77200000000000E+0003	 2.87835038510440E+0005
 1.77300000000000E+0003	 2.89198818506571E+0005
 1.77400000000000E+0003	 2.90563936942215E+0005
 1.77500000000000E+0003	 2.91931473945227E+0005
 1.77600000000000E+0003	 2.93303764088153E+0005
 1.77700000000000E+0003	 2.94683772939315E+0005
 1.77800000000000E+0003	 2.96076174781192E+0005
 1.77900000000000E+0003	 2.97479939236311E+0005
 1.78000000000000E+0003	 2.98897007643515E+0005
 1.78100000000000E+0003	 3.00326436960424E+0005
 1.78200000000000E+0003	 3.01768811780817E+0005
 1.78300000000000E+0003	 3.03223929886560E+0005
 1.78400000000000E+0003	 3.04691540512201E+0005
 1.78500000000000E+0003	 3.06171504221188E+0005
 1.78600000000000E+0003	 3.07665322027107E+0005
 1.78700000000000E+0003	 3.09171043865500E+0005
 1.78800000000000E+0003	 3.10689785053654E+0005
 1.78900000000000E+0003	 3.12221775743254E+0005
 1.79000000000000E+0003	 3.13767096174083E+0005
 1.79100000000000E+0003	 3.15325932947895E+0005
 1.79200000000000E+0003	 3.16901351969045E+0005
 1.79300000000000E+0003	 3.18495609567867E+0005
 1.79400000000000E+0003	 3.20109633458434E+0005
 1.79500000000000E+0003	 3.21745573117092E+0005
 1.79600000000000E+0003	 3.23403048473654E+0005
 1.79700000000000E+0003	 3.25080640168003E+0005
 1.79800000000000E+0003	 3.26780351417917E+0005
 1.79900000000000E+0003	 3.28500815606579E+0005
 1.80000000000000E+0003	 3.30243018728939E+0005
 1.80100000000000E+0003	 3.32006644412440E+0005
 1.80200000000000E+0003	 3.33790983980951E+0005
 1.80300000000000E+0003	 3.35597762686257E+0005
 1.80400000000000E+0003	 3.37426036483394E+0005
 1.80500000000000E+0003	 3.39275378056224E+0005
 1.80600000000000E+0003	 3.41146701702653E+0005
 1.80700000000000E+0003	 3.43038435442841E+0005
 1.80800000000000E+0003	 3.44951510121772E+0005
 1.80900000000000E+0003	 3.46883208204084E+0005
 1.81000000000000E+0003	 3.48833399827796E+0005
 1.81100000000000E+0003	 3.50802867703486E+0005
 1.81200000000000E+0003	 3.52790849798550E+0005
 1.81300000000000E+0003	 3.54796700793738E+0005
 1.81400000000000E+0003	 3.56822238822449E+0005
 1.81500000000000E+0003	 3.58865782387184E+0005
 1.81600000000000E+0003	 3.60928013125813E+0005
 1.81700000000000E+0003	 3.63009130901719E+0005
 1.81800000000000E+0003	 3.65107937450308E+0005
 1.81900000000000E+0003	 3.67226359583932E+0005
 1.82000000000000E+0003	 3.69363443035740E+0005
 1.82100000000000E+0003	 3.71519025700647E+0005
 1.82200000000000E+0003	 3.73695175506753E+0005
 1.82300000000000E+0003	 3.75895432595489E+0005
 1.82400000000000E+0003	 3.78124953605787E+0005
 1.82500000000000E+0003	 3.80390756112733E+0005
 1.82600000000000E+0003	 3.82695533753552E+0005
 1.82700000000000E+0003	 3.85043116349682E+0005
 1.82800000000000E+0003	 3.87432498621383E+0005
 1.82900000000000E+0003	 3.89864189677374E+0005
 1.83000000000000E+0003	 3.92337341599054E+0005
 1.83100000000000E+0003	 3.94852896472915E+0005
 1.83200000000000E+0003	 3.97409877578891E+0005
 1.83300000000000E+0003	 4.00009732659951E+0005
 1.83400000000000E+0003	 4.02650747044921E+0005
 1.83500000000000E+0003	 4.05335247480176E+0005
 1.83600000000000E+0003	 4.08061724969604E+0005
 1.83700000000000E+0003	 4.10830990120025E+0005
 1.83800000000000E+0003	 4.13644037941843E+0005
 1.83900000000000E+0003	 4.16500059793728E+0005
 1.84000000000000E+0003	 4.19401646845061E+0005
 1.84100000000000E+0003	 4.22316079584021E+0005
 1.84200000000000E+0003	 4.25312176938386E+0005
 1.84300000000000E+0003	 4.28357302222822E+0005
 1.84400000000000E+0003	 4.31450907627917E+0005
 1.84500000000000E+0003	 4.34592878301711E+0005
 1.84600000000000E+0003	 4.37783602330659E+0005
 1.84700000000000E+0003	 4.41022949828556E+0005
 1.84800000000000E+0003	 4.44310693829220E+0005
 1.84900000000000E+0003	 4.47648041318600E+0005
 1.85000000000000E+0003	 4.51032316055751E+0005
 1.85100000000000E+0003	 4.54466726162464E+0005
 1.85200000000000E+0003	 4.57950017296936E+0005
 1.85300000000000E+0003	 4.61481278363339E+0005
 1.85400000000000E+0003	 4.65061419877812E+0005
 1.85500000000000E+0003	 4.68684745954249E+0005
 1.85600000000000E+0003	 4.72346831954267E+0005
 1.85700000000000E+0003	 4.76042013298319E+0005
 1.85800000000000E+0003	 4.79764384653924E+0005
 1.85900000000000E+0003	 4.83514541191692E+0005
 1.86000000000000E+0003	 4.87291394717273E+0005
 1.86100000000000E+0003	 4.91095043529303E+0005
 1.86200000000000E+0003	 4.94926162678988E+0005
 1.86300000000000E+0003	 4.98784017271210E+0005
 1.86400000000000E+0003	 5.02669759542560E+0005
 1.86500000000000E+0003	 5.06585846503741E+0005
 1.86600000000000E+0003	 5.10530372984942E+0005
 1.86700000000000E+0003	 5.14506002149733E+0005
 1.86800000000000E+0003	 5.18512628828025E+0005
 1.86900000000000E+0003	 5.22548925110960E+0005
 1.87000000000000E+0003	 5.26619388141964E+0005
 1.87100000000000E+0003	 5.30723722217757E+0005
 1.87200000000000E+0003	 5.34871823273778E+0005
 1.87300000000000E+0003	 5.39070827904089E+0005
 1.87400000000000E+0003	 5.43325894306929E+0005
 1.87500000000000E+0003	 5.47641404522750E+0005
 1.87600000000000E+0003	 5.52015865806248E+0005
 1.87700000000000E+0003	 5.56450826682942E+0005
 1.87800000000000E+0003	 5.60947227603828E+0005
 1.87900000000000E+0003	 5.65505041561726E+0005
 1.88000000000000E+0003	 5.70128089554504E+0005
 1.88100000000000E+0003	 5.74821018412444E+0005
 1.88200000000000E+0003	 5.79585940804205E+0005
 1.88300000000000E+0003	 5.84425300174887E+0005
 1.88400000000000E+0003	 5.89338930071077E+0005
 1.88500000000000E+0003	 5.94326094298477E+0005
 1.88600000000000E+0003	 5.99390123159400E+0005
 1.88700000000000E+0003	 6.04531185927962E+0005
 1.88800000000000E+0003	 6.09755059108736E+0005
 1.88900000000000E+0003	 6.15068109169958E+0005
 1.89000000000000E+0003	 6.20476096486077E+0005
 1.89100000000000E+0003	 6.25980092565650E+0005
 1.89200000000000E+0003	 6.31581924704586E+0005
 1.89300000000000E+0003	 6.37281926204985E+0005
 1.89400000000000E+0003	 6.43082573526754E+0005
 1.89500000000000E+0003	 6.48986606945675E+0005
 1.89600000000000E+0003	 6.55009868077777E+0005
 1.89700000000000E+0003	 6.61165537446165E+0005
 1.89800000000000E+0003	 6.67470237278805E+0005
 1.89900000000000E+0003	 6.73931177484773E+0005
 1.90000000000000E+0003	 6.80548717613016E+0005
 1.90100000000000E+0003	 6.87323222262004E+0005
 1.90200000000000E+0003	 6.94256086068043E+0005
 1.90300000000000E+0003	 7.01344341824287E+0005
 1.90400000000000E+0003	 7.08589591244933E+0005
 1.90500000000000E+0003	 7.15983861020719E+0005
 1.90600000000000E+0003	 7.23528502635198E+0005
 1.90700000000000E+0003	 7.31220169816242E+0005
 1.90800000000000E+0003	 7.39060949142553E+0005
 1.90900000000000E+0003	 7.47047142830551E+0005
 1.91000000000000E+0003	 7.55184573677618E+0005
 1.91100000000000E+0003	 7.63474879841705E+0005
 1.91200000000000E+0003	 7.71939597429490E+0005
 1.91300000000000E+0003	 7.80596680150235E+0005
 1.91400000000000E+0003	 7.89478140342583E+0005
 1.91500000000000E+0003	 7.98592632607151E+0005
 1.91600000000000E+0003	 8.07950287236678E+0005
 1.91700000000000E+0003	 8.17547233077457E+0005
 1.91800000000000E+0003	 8.27388416796935E+0005
 1.91900000000000E+0003	 8.37475304529289E+0005
 1.92000000000000E+0003	 8.47823735401562E+0005
 1.92100000000000E+0003	 8.58454728275880E+0005
 1.92200000000000E+0003	 8.69397492137657E+0005
 1.92300000000000E+0003	 8.80659196049036E+0005
 1.92400000000000E+0003	 8.92226438423917E+0005
 1.92500000000000E+0003	 9.04152894169986E+0005
 1.92600000000000E+0003	 9.16409968828809E+0005
 1.92700000000000E+0003	 9.28994896438968E+0005
 1.92800000000000E+0003	 9.41896947029619E+0005
 1.92900000000000E+0003	 9.55089938488437E+0005
 1.93000000000000E+0003	 9.68553948507224E+0005
 1.93100000000000E+0003	 9.82260043261504E+0005
 1.93200000000000E+0003	 9.96211928197503E+0005
 1.93300000000000E+0003	 1.01040159517332E+0006
 1.93400000000000E+0003	 1.02482630397245E+0006
 1.93500000000000E+0003	 1.03948751938196E+0006
 1.93600000000000E+0003	 1.05436361116202E+0006
 1.93700000000000E+0003	 1.06942367307356E+0006
 1.93800000000000E+0003	 1.08461689798414E+0006
 1.93900000000000E+0003	 1.09990914445881E+0006
 1.94000000000000E+0003	 1.11528550754128E+0006
 1.94100000000000E+0003	 1.13073879029514E+0006
 1.94200000000000E+0003	 1.14626675235226E+0006
 1.94300000000000E+0003	 1.16186933417332E+0006
 1.94400000000000E+0003	 1.17752581792576E+0006
 1.94500000000000E+0003	 1.19320276936444E+0006
 1.94600000000000E+0003	 1.20883077121659E+0006
 1.94700000000000E+0003	 1.22436697918661E+0006
 1.94800000000000E+0003	 1.23978632626867E+0006
 1.94900000000000E+0003	 1.25507485567203E+0006
 1.95000000000000E+0003	 1.27023136576715E+0006
 1.95100000000000E+0003	 1.28525907994180E+0006
 1.95200000000000E+0003	 1.30014938604590E+0006
 1.95300000000000E+0003	 1.31490435730148E+0006
 1.95400000000000E+0003	 1.32950356474549E+0006
 1.95500000000000E+0003	 1.34394668705076E+0006
 1.95600000000000E+0003	 1.35821574719437E+0006
 1.95700000000000E+0003	 1.37232228382254E+0006
 1.95800000000000E+0003	 1.38625501371059E+0006
 1.95900000000000E+0003	 1.40001908047087E+0006
 1.96000000000000E+0003	 1.41361694906174E+0006
 1.96100000000000E+0003	 1.42707392895708E+0006
 1.96200000000000E+0003	 1.44041613466616E+0006
 1.96300000000000E+0003	 1.45369776266895E+0006
 1.96400000000000E+0003	 1.46692751053328E+0006
 1.96500000000000E+0003	 1.48013662126318E+0006
 1.96600000000000E+0003	 1.49331481731891E+0006
 1.96700000000000E+0003	 1.50646447226147E+0006
 1.96800000000000E+0003	 1.51959579125805E+0006
 1.96900000000000E+0003	 1.53270853293917E+0006
 1.97000000000000E+0003	 1.54582014906763E+0006
 1.97100000000000E+0003	 1.55894610454002E+0006
 1.97200000000000E+0003	 1.57208832884694E+0006
 1.97300000000000E+0003	 1.58524858550508E+0006
 1.97400000000000E+0003	 1.59841213320378E+0006
 1.97500000000000E+0003	 1.61157833152284E+0006
 1.97600000000000E+0003	 1.62475002308160E+0006
 1.97700000000000E+0003	 1.63792553204018E+0006
 1.97800000000000E+0003	 1.65111632778987E+0006
 1.97900000000000E+0003	 1.66432299960912E+0006
 1.98000000000000E+0003	 1.67756066010837E+0006
 1.98100000000000E+0003	 1.69084197929460E+0006
 1.98200000000000E+0003	 1.70416054436133E+0006
 1.98300000000000E+0003	 1.71751299450393E+0006
 1.98400000000000E+0003	 1.73090930608906E+0006
 1.98500000000000E+0003	 1.74434046120710E+0006
 1.98600000000000E+0003	 1.75781713107030E+0006
 1.98700000000000E+0003	 1.77132661106355E+0006
 1.98800000000000E+0003	 1.78489053786261E+0006
 1.98900000000000E+0003	 1.79848328904552E+0006
 1.99000000000000E+0003	 1.81213123311576E+0006
 1.99100000000000E+0003	 1.82581677974818E+0006
 1.99200000000000E+0003	 1.83954416024655E+0006
 1.99300000000000E+0003	 1.85331679664347E+0006
 1.99400000000000E+0003	 1.86712198194759E+0006
 1.99500000000000E+0003	 1.88093729716085E+0006
 1.99600000000000E+0003	 1.89475405535521E+0006
 1.99700000000000E+0003	 1.90853223756638E+0006
 1.99800000000000E+0003	 1.92229001420549E+0006
 1.99900000000000E+0003	 1.93600204227217E+0006
 2.00000000000000E+0003	 1.94967804771671E+0006
 2.00100000000000E+0003	 1.96331827971680E+0006
 2.00200000000000E+0003	 1.97691414226493E+0006
 2.00300000000000E+0003	 1.99045349384458E+0006
 2.00400000000000E+0003	 2.00391075959248E+0006
 2.00500000000000E+0003	 2.01726513863205E+0006
 2.00600000000000E+0003	 2.03051013374133E+0006
 2.00700000000000E+0003	 2.04363930421411E+0006
 2.00800000000000E+0003	 2.05664556088427E+0006
 2.00900000000000E+0003	 2.06953808857484E+0006
 2.01000000000000E+0003	 2.08230667295304E+0006
 2.01100000000000E+0003	 2.09496199561791E+0006
 2.01200000000000E+0003	 2.10748550631628E+0006
 2.01300000000000E+0003	 2.11989144745580E+0006
 2.01400000000000E+0003	 2.13215464043741E+0006
 2.01500000000000E+0003	 2.14429136552684E+0006
 2.01600000000000E+0003	 2.15627387121112E+0006
 2.01700000000000E+0003	 2.16814208708906E+0006
 2.01800000000000E+0003	 2.17988168704697E+0006
 2.01900000000000E+0003	 2.19148328101781E+0006
 2.02000000000000E+0003	 2.20294933301252E+0006
 2.02100000000000E+0003	 2.21428949736887E+0006
 2.02200000000000E+0003	 2.22548049167704E+0006
 2.02300000000000E+0003	 2.23654588476139E+0006
 2.02400000000000E+0003	 2.24747031517521E+0006
 2.02500000000000E+0003	 2.25826029693875E+0006
 2.02600000000000E+0003	 2.26892055502091E+0006
 2.02700000000000E+0003	 2.27945038586330E+0006
 2.02800000000000E+0003	 2.28986698747315E+0006
 2.02900000000000E+0003	 2.30015873655228E+0006
 2.03000000000000E+0003	 2.31029367539896E+0006
 2.03100000000000E+0003	 2.32023912547569E+0006
 2.03200000000000E+0003	 2.32996302693283E+0006
 2.03300000000000E+0003	 2.33944951704346E+0006
 2.03400000000000E+0003	 2.34871641145662E+0006
 2.03500000000000E+0003	 2.35774825006148E+0006
 2.03600000000000E+0003	 2.36656202774353E+0006
 2.03700000000000E+0003	 2.37517039363486E+0006
 2.03800000000000E+0003	 2.38361918261361E+0006
 2.03900000000000E+0003	 2.39189912062527E+0006
 2.04000000000000E+0003	 2.40004440566700E+0006
 2.04100000000000E+0003	 2.40804493255293E+0006
 2.04200000000000E+0003	 2.41589662613327E+0006
 2.04300000000000E+0003	 2.42361335833693E+0006
 2.04400000000000E+0003	 2.43118108291605E+0006
 2.04500000000000E+0003	 2.43860604152114E+0006
 2.04600000000000E+0003	 2.44588351066495E+0006
 2.04700000000000E+0003	 2.45299984210692E+0006
 2.04800000000000E+0003	 2.45997410159334E+0006
 2.04900000000000E+0003	 2.46679646659869E+0006
 2.05000000000000E+0003	 2.47345888557731E+0006
 2.05100000000000E+0003	 2.47997461644371E+0006
 2.05200000000000E+0003	 2.48633098151669E+0006
 2.05300000000000E+0003	 2.49254771017490E+0006
 2.05400000000000E+0003	 2.49861025278006E+0006
 2.05500000000000E+0003	 2.50455143840274E+0006
 2.05600000000000E+0003	 2.51034668463668E+0006
 2.05700000000000E+0003	 2.51602566267615E+0006
 2.05800000000000E+0003	 2.52157212014826E+0006
 2.05900000000000E+0003	 2.52698459850884E+0006
 2.06000000000000E+0003	 2.53228318560585E+0006
 2.06100000000000E+0003	 2.53744984912170E+0006
 2.06200000000000E+0003	 2.54250221687644E+0006
 2.06300000000000E+0003	 2.54745771646820E+0006
 2.06400000000000E+0003	 2.55231160108853E+0006
 2.06500000000000E+0003	 2.55708387382205E+0006
 2.06600000000000E+0003	 2.56177843120361E+0006
 2.06700000000000E+0003	 2.56638366608730E+0006
 2.06800000000000E+0003	 2.57091335861289E+0006
 2.06900000000000E+0003	 2.57534648072795E+0006
 2.07000000000000E+0003	 2.57970453029775E+0006
 2.07100000000000E+0003	 2.58396971517136E+0006
 2.07200000000000E+0003	 2.58815348833455E+0006
 2.07300000000000E+0003	 2.59223746255760E+0006
 2.07400000000000E+0003	 2.59623363251864E+0006
 2.07500000000000E+0003	 2.60013546993867E+0006
 2.07600000000000E+0003	 2.60393993439177E+0006
 2.07700000000000E+0003	 2.60766363638463E+0006
 2.07800000000000E+0003	 2.61129272240211E+0006
 2.07900000000000E+0003	 2.61484187986788E+0006
 2.08000000000000E+0003	 2.61832498125030E+0006
 2.08100000000000E+0003	 2.62174422509843E+0006
 2.08200000000000E+0003	 2.62511213977415E+0006
 2.08300000000000E+0003	 2.62843312783985E+0006
 2.08400000000000E+0003	 2.63169788522479E+0006
 2.08500000000000E+0003	 2.63492321496233E+0006
 2.08600000000000E+0003	 2.63808751590299E+0006
 2.08700000000000E+0003	 2.64121100178638E+0006
 2.08800000000000E+0003	 2.64427541488240E+0006
 2.08900000000000E+0003	 2.64730472904827E+0006
 2.09000000000000E+0003	 2.65027441166672E+0006
 2.09100000000000E+0003	 2.65320592086795E+0006
 2.09200000000000E+0003	 2.65609093609518E+0006
 2.09300000000000E+0003	 2.65892437450188E+0006
 2.09400000000000E+0003	 2.66172055071099E+0006
 2.09500000000000E+0003	 2.66446360976870E+0006
 2.09600000000000E+0003	 2.66716959308222E+0006
 2.09700000000000E+0003	 2.66984029500133E+0006
 2.09800000000000E+0003	 2.67247000448088E+0006
 2.09900000000000E+0003	 2.67507856991877E+0006
 2.10000000000000E+0003	 2.67766376957192E+0006
 2.10100000000000E+0003	 2.68020944583398E+0006
 2.10200000000000E+0003	 2.68274151155295E+0006
 2.10300000000000E+0003	 2.68523604145376E+0006
 2.10400000000000E+0003	 2.68770742306947E+0006
 2.10500000000000E+0003	 2.69014081251621E+0006
 2.10600000000000E+0003	 2.69256035515441E+0006
 2.10700000000000E+0003	 2.69494175636419E+0006
 2.10800000000000E+0003	 2.69729456329269E+0006
 2.10900000000000E+0003	 2.69962292063298E+0006
 2.11000000000000E+0003	 2.70191153535008E+0006
 2.11100000000000E+0003	 2.70418616476342E+0006
 2.11200000000000E+0003	 2.70642456056178E+0006
 2.11300000000000E+0003	 2.70864053245236E+0006
 2.11400000000000E+0003	 2.71084059210857E+0006
 2.11500000000000E+0003	 2.71301942454499E+0006
 2.11600000000000E+0003	 2.71519137274592E+0006
 2.11700000000000E+0003	 2.71736204491485E+0006
 2.11800000000000E+0003	 2.71951299185239E+0006
 2.11900000000000E+0003	 2.72165945388000E+0006
 2.12000000000000E+0003	 2.72380154446084E+0006
 2.12100000000000E+0003	 2.72594134356455E+0006
 2.12200000000000E+0003	 2.72807252257281E+0006
 2.12300000000000E+0003	 2.73021872719299E+0006
 2.12400000000000E+0003	 2.73236094253867E+0006
 2.12500000000000E+0003	 2.73451744515397E+0006
 2.12600000000000E+0003	 2.73668887079044E+0006
 2.12700000000000E+0003	 2.73886818608266E+0006
 2.12800000000000E+0003	 2.74106738344051E+0006
 2.12900000000000E+0003	 2.74327098814831E+0006
 2.13000000000000E+0003	 2.74548708142580E+0006
 2.13100000000000E+0003	 2.74770928477924E+0006
 2.13200000000000E+0003	 2.74992966635173E+0006
 2.13300000000000E+0003	 2.75214917692422E+0006
 2.13400000000000E+0003	 2.75436624749250E+0006
 2.13500000000000E+0003	 2.75657887026535E+0006
 2.13600000000000E+0003	 2.75878517826932E+0006
 2.13700000000000E+0003	 2.76099248257876E+0006
 2.13800000000000E+0003	 2.76319281179823E+0006
 2.13900000000000E+0003	 2.76539741689690E+0006
 2.14000000000000E+0003	 2.76760520486518E+0006
 2.14100000000000E+0003	 2.76981794940129E+0006
 2.14200000000000E+0003	 2.77204245899639E+0006
 2.14300000000000E+0003	 2.77428805618181E+0006
 2.14400000000000E+0003	 2.77653562567623E+0006
 2.14500000000000E+0003	 2.77880663614642E+0006
 2.14600000000000E+0003	 2.78107873376020E+0006
 2.14700000000000E+0003	 2.78336998902940E+0006
 2.14800000000000E+0003	 2.78566606648089E+0006
 2.14900000000000E+0003	 2.78798274807323E+0006
 2.15000000000000E+0003	 2.79031098947880E+0006
 2.15100000000000E+0003	 2.79264758575238E+0006
 2.15200000000000E+0003	 2.79500598692323E+0006
 2.15300000000000E+0003	 2.79737203470496E+0006
 2.15400000000000E+0003	 2.79976409424675E+0006
 2.15500000000000E+0003	 2.80216377794292E+0006
 2.15600000000000E+0003	 2.80458412597803E+0006
 2.15700000000000E+0003	 2.80701653225070E+0006
 2.15800000000000E+0003	 2.80946296924707E+0006
 2.15900000000000E+0003	 2.81192135357723E+0006
 2.16000000000000E+0003	 2.81439989348849E+0006
 2.16100000000000E+0003	 2.81688959374560E+0006
 2.16200000000000E+0003	 2.81939543375279E+0006
 2.16300000000000E+0003	 2.82191382410007E+0006
 2.16400000000000E+0003	 2.82445050166196E+0006
 2.16500000000000E+0003	 2.82700675236865E+0006
 2.16600000000000E+0003	 2.82957267310315E+0006
 2.16700000000000E+0003	 2.83214966720622E+0006
 2.16800000000000E+0003	 2.83474570221505E+0006
 2.16900000000000E+0003	 2.83735852791494E+0006
 2.17000000000000E+0003	 2.83998018826909E+0006
 2.17100000000000E+0003	 2.84262061158967E+0006
 2.17200000000000E+0003	 2.84527317552011E+0006
 2.17300000000000E+0003	 2.84794505092193E+0006
 2.17400000000000E+0003	 2.85063423690964E+0006
 2.17500000000000E+0003	 2.85334704739033E+0006
 2.17600000000000E+0003	 2.85608175628362E+0006
 2.17700000000000E+0003	 2.85883506245731E+0006
 2.17800000000000E+0003	 2.86162209163377E+0006
 2.17900000000000E+0003	 2.86442459251903E+0006
 2.18000000000000E+0003	 2.86725860571306E+0006
 2.18100000000000E+0003	 2.87011021200844E+0006
 2.18200000000000E+0003	 2.87299680226004E+0006
 2.18300000000000E+0003	 2.87590234047374E+0006
 2.18400000000000E+0003	 2.87883516229802E+0006
 2.18500000000000E+0003	 2.88179523116112E+0006
 2.18600000000000E+0003	 2.88476464919182E+0006
 2.18700000000000E+0003	 2.88777477276062E+0006
 2.18800000000000E+0003	 2.89080443909019E+0006
 2.18900000000000E+0003	 2.89385937198761E+0006
 2.19000000000000E+0003	 2.89694151391826E+0006
 2.19100000000000E+0003	 2.90005521714349E+0006
 2.19200000000000E+0003	 2.90320204311758E+0006
 2.19300000000000E+0003	 2.90639499356915E+0006
 2.19400000000000E+0003	 2.90963404637609E+0006
 2.19500000000000E+0003	 2.91292178374704E+0006
 2.19600000000000E+0003	 2.91625911369541E+0006
 2.19700000000000E+0003	 2.91964711813265E+0006
 2.19800000000000E+0003	 2.92308200569630E+0006
 2.19900000000000E+0003	 2.92657088890803E+0006
 2.20000000000000E+0003	 2.93010469772623E+0006
 2.20100000000000E+0003	 2.93369441496656E+0006
 2.20200000000000E+0003	 2.93732415250115E+0006
 2.20300000000000E+0003	 2.94101239151598E+0006
 2.20400000000000E+0003	 2.94474777180094E+0006
 2.20500000000000E+0003	 2.94853127743424E+0006
 2.20600000000000E+0003	 2.95236688129191E+0006
 2.20700000000000E+0003	 2.95625101857861E+0006
 2.20800000000000E+0003	 2.96018764702320E+0006
 2.20900000000000E+0003	 2.96417911837621E+0006
 2.21000000000000E+0003	 2.96823725089111E+0006
 2.21100000000000E+0003	 2.97236009421924E+0006
 2.21200000000000E+0003	 2.97654825776748E+0006
 2.21300000000000E+0003	 2.98081597010310E+0006
 2.21400000000000E+0003	 2.98514630106266E+0006
 2.21500000000000E+0003	 2.98955339325656E+0006
 2.21600000000000E+0003	 2.99402541898845E+0006
 2.21700000000000E+0003	 2.99857263734381E+0006
 2.21800000000000E+0003	 3.00318970402754E+0006
 2.21900000000000E+0003	 3.00787576654112E+0006
 2.22000000000000E+0003	 3.01263502918633E+0006
 2.22100000000000E+0003	 3.01745518867457E+0006
 2.22200000000000E+0003	 3.02235483019339E+0006
 2.22300000000000E+0003	 3.02731795603245E+0006
 2.22400000000000E+0003	 3.03235290094712E+0006
 2.22500000000000E+0003	 3.03746193859883E+0006
 2.22600000000000E+0003	 3.04265004834304E+0006
 2.22700000000000E+0003	 3.04791648909469E+0006
 2.22800000000000E+0003	 3.05327178970815E+0006
 2.22900000000000E+0003	 3.05872842830797E+0006
 2.23000000000000E+0003	 3.06426934791587E+0006
 2.23100000000000E+0003	 3.06991292956028E+0006
 2.23200000000000E+0003	 3.07564676963478E+0006
 2.23300000000000E+0003	 3.08147420266118E+0006
 2.23400000000000E+0003	 3.08741427614124E+0006
 2.23500000000000E+0003	 3.09344398420770E+0006
 2.23600000000000E+0003	 3.09956880997063E+0006
 2.23700000000000E+0003	 3.10578623296958E+0006
 2.23800000000000E+0003	 3.11210654739308E+0006
 2.23900000000000E+0003	 3.11850905957110E+0006
 2.24000000000000E+0003	 3.12501982172125E+0006
 2.24100000000000E+0003	 3.13162113451282E+0006
 2.24200000000000E+0003	 3.13831479490258E+0006
 2.24300000000000E+0003	 3.14510784263919E+0006
 2.24400000000000E+0003	 3.15199384162388E+0006
 2.24500000000000E+0003	 3.15897073234707E+0006
 2.24600000000000E+0003	 3.16602538614868E+0006
 2.24700000000000E+0003	 3.17316159916580E+0006
 2.24800000000000E+0003	 3.18038102035840E+0006
 2.24900000000000E+0003	 3.18766920661561E+0006
 2.25000000000000E+0003	 3.19504135903474E+0006
 2.25100000000000E+0003	 3.20248617926014E+0006
 2.25200000000000E+0003	 3.21001921049623E+0006
 2.25300000000000E+0003	 3.21763165400286E+0006
 2.25400000000000E+0003	 3.22532597286062E+0006
 2.25500000000000E+0003	 3.23309561541762E+0006
 2.25600000000000E+0003	 3.24094455471881E+0006
 2.25700000000000E+0003	 3.24887605941540E+0006
 2.25800000000000E+0003	 3.25688298692415E+0006
 2.25900000000000E+0003	 3.26497181990411E+0006
 2.26000000000000E+0003	 3.27313340718603E+0006
 2.26100000000000E+0003	 3.28138754682724E+0006
 2.26200000000000E+0003	 3.28974108856821E+0006
 2.26300000000000E+0003	 3.29821183140427E+0006
 2.26400000000000E+0003	 3.30680455861438E+0006
 2.26500000000000E+0003	 3.31553217791903E+0006
 2.26600000000000E+0003	 3.32438990616149E+0006
 2.26700000000000E+0003	 3.33338256531023E+0006
 2.26800000000000E+0003	 3.34250682376880E+0006
 2.26900000000000E+0003	 3.35176706250751E+0006
 2.27000000000000E+0003	 3.36116341852848E+0006
 2.27100000000000E+0003	 3.37069604207706E+0006
 2.27200000000000E+0003	 3.38036376794786E+0006
 2.27300000000000E+0003	 3.39016511261646E+0006
 2.27400000000000E+0003	 3.40010836406221E+0006
 2.27500000000000E+0003	 3.41018285994140E+0006
 2.27600000000000E+0003	 3.42038470511854E+0006
 2.27700000000000E+0003	 3.43073047524391E+0006
 2.27800000000000E+0003	 3.44120642860980E+0006
 2.27900000000000E+0003	 3.45183145879848E+0006
 2.28000000000000E+0003	 3.46261033213371E+0006
 2.28100000000000E+0003	 3.47356143808779E+0006
 2.28200000000000E+0003	 3.48469064929893E+0006
 2.28300000000000E+0003	 3.49601154791593E+0006
 2.28400000000000E+0003	 3.50751704436703E+0006
 2.28500000000000E+0003	 3.51920790701766E+0006
 2.28600000000000E+0003	 3.53108742962167E+0006
 2.28700000000000E+0003	 3.54315678049451E+0006
 2.28800000000000E+0003	 3.55541780916893E+0006
 2.28900000000000E+0003	 3.56786365512137E+0006
 2.29000000000000E+0003	 3.58050120277482E+0006
 2.29100000000000E+0003	 3.59332748210237E+0006
 2.29200000000000E+0003	 3.60634468256040E+0006
 2.29300000000000E+0003	 3.61954781465027E+0006
 2.29400000000000E+0003	 3.63293636010470E+0006
 2.29500000000000E+0003	 3.64651836188786E+0006
 2.29600000000000E+0003	 3.66028735947273E+0006
 2.29700000000000E+0003	 3.67426007832272E+0006
 2.29800000000000E+0003	 3.68842905880670E+0006
 2.29900000000000E+0003	 3.70281442218106E+0006
 2.30000000000000E+0003	 3.71741271200918E+0006
 2.30100000000000E+0003	 3.73223794677481E+0006
 2.30200000000000E+0003	 3.74728293565784E+0006
 2.30300000000000E+0003	 3.76254368889542E+0006
 2.30400000000000E+0003	 3.77802420786126E+0006
 2.30500000000000E+0003	 3.79372021271587E+0006
 2.30600000000000E+0003	 3.80961730319764E+0006
 2.30700000000000E+0003	 3.82568489855058E+0006
 2.30800000000000E+0003	 3.84188861926520E+0006
 2.30900000000000E+0003	 3.85820405076938E+0006
 2.31000000000000E+0003	 3.87462595990864E+0006
 2.31100000000000E+0003	 3.89114634906324E+0006
 2.31200000000000E+0003	 3.90776300045305E+0006
 2.31300000000000E+0003	 3.92447980059015E+0006
 2.31400000000000E+0003	 3.94127675253781E+0006
 2.31500000000000E+0003	 3.95813832825725E+0006
 2.31600000000000E+0003	 3.97500205377784E+0006
 2.31700000000000E+0003	 3.99180334619774E+0006
 2.31800000000000E+0003	 4.00849627494575E+0006
 2.31900000000000E+0003	 4.02506719896530E+0006
 2.32000000000000E+0003	 4.04150951887613E+0006
 2.32100000000000E+0003	 4.05781791092809E+0006
 2.32200000000000E+0003	 4.07399304836072E+0006
 2.32300000000000E+0003	 4.09005599474849E+0006
 2.32400000000000E+0003	 4.10602256747192E+0006
 2.32500000000000E+0003	 4.12194935372773E+0006
 2.32600000000000E+0003	 4.13789279763194E+0006
 2.32700000000000E+0003	 4.15389844901567E+0006
 2.32800000000000E+0003	 4.16998044528906E+0006
 2.32900000000000E+0003	 4.18614308994917E+0006
 2.33000000000000E+0003	 4.20238031440031E+0006
 2.33100000000000E+0003	 4.21870759203687E+0006
 2.33200000000000E+0003	 4.23510750942149E+0006
 2.33300000000000E+0003	 4.25159640000458E+0006
 2.33400000000000E+0003	 4.26817987015195E+0006
 2.33500000000000E+0003	 4.28485638025590E+0006
 2.33600000000000E+0003	 4.30163199100624E+0006
 2.33700000000000E+0003	 4.31851396689166E+0006
 2.33800000000000E+0003	 4.33549842579151E+0006
 2.33900000000000E+0003	 4.35258344444116E+0006
 2.34000000000000E+0003	 4.36976999571642E+0006
 2.34100000000000E+0003	 4.38706112456485E+0006
 2.34200000000000E+0003	 4.40446322092219E+0006
 2.34300000000000E+0003	 4.42196508055716E+0006
 2.34400000000000E+0003	 4.43956290450476E+0006
 2.34500000000000E+0003	 4.45727182898572E+0006
 2.34600000000000E+0003	 4.47509039609817E+0006
 2.34700000000000E+0003	 4.49300082614112E+0006
 2.34800000000000E+0003	 4.51101672678438E+0006
 2.34900000000000E+0003	 4.52914033091008E+0006
 2.35000000000000E+0003	 4.54736252023109E+0006
 2.35100000000000E+0003	 4.56569780833116E+0006
 2.35200000000000E+0003	 4.58414093578404E+0006
 2.35300000000000E+0003	 4.60269714715790E+0006
 2.35400000000000E+0003	 4.62136632601962E+0006
 2.35500000000000E+0003	 4.64015659919984E+0006
 2.35600000000000E+0003	 4.65905476081400E+0006
 2.35700000000000E+0003	 4.67807076561706E+0006
 2.35800000000000E+0003	 4.69720062249945E+0006
 2.35900000000000E+0003	 4.71644170355422E+0006
 2.36000000000000E+0003	 4.73580299368274E+0006
 2.36100000000000E+0003	 4.75527944254946E+0006
 2.36200000000000E+0003	 4.77486038155970E+0006
 2.36300000000000E+0003	 4.79457273658916E+0006
 2.36400000000000E+0003	 4.81440453253185E+0006
 2.36500000000000E+0003	 4.83436790840854E+0006
 2.36600000000000E+0003	 4.85442259814881E+0006
 2.36700000000000E+0003	 4.87459785434720E+0006
 2.36800000000000E+0003	 4.89487807235558E+0006
 2.36900000000000E+0003	 4.91526840334827E+0006
 2.37000000000000E+0003	 4.93575207032566E+0006
 2.37100000000000E+0003	 4.95629270084770E+0006
 2.37200000000000E+0003	 4.97688264824663E+0006
 2.37300000000000E+0003	 4.99751350888570E+0006
 2.37400000000000E+0003	 5.01817098937951E+0006
 2.37500000000000E+0003	 5.03886175985673E+0006
 2.37600000000000E+0003	 5.05958687714524E+0006
 2.37700000000000E+0003	 5.08034132647898E+0006
 2.37800000000000E+0003	 5.10112046241918E+0006
 2.37900000000000E+0003	 5.12193833845693E+0006
 2.38000000000000E+0003	 5.14276959368895E+0006
 2.38100000000000E+0003	 5.16362201771095E+0006
 2.38200000000000E+0003	 5.18449425988321E+0006
 2.38300000000000E+0003	 5.20537690374158E+0006
 2.38400000000000E+0003	 5.22627529759369E+0006
 2.38500000000000E+0003	 5.24718917515048E+0006
 2.38600000000000E+0003	 5.26811383350917E+0006
 2.38700000000000E+0003	 5.28904747018842E+0006
 2.38800000000000E+0003	 5.30998850189817E+0006
 2.38900000000000E+0003	 5.33090189493137E+0006
 2.39000000000000E+0003	 5.35178996536741E+0006
 2.39100000000000E+0003	 5.37263687532823E+0006
 2.39200000000000E+0003	 5.39344737304375E+0006
 2.39300000000000E+0003	 5.41421857099439E+0006
 2.39400000000000E+0003	 5.43494680465721E+0006
 2.39500000000000E+0003	 5.45563220521789E+0006
 2.39600000000000E+0003	 5.47627771492375E+0006
 2.39700000000000E+0003	 5.49688365914267E+0006
 2.39800000000000E+0003	 5.51744715199627E+0006
 2.39900000000000E+0003	 5.53796349763743E+0006
 2.40000000000000E+0003	 5.55844522830291E+0006
 2.40100000000000E+0003	 5.57888666225611E+0006
 2.40200000000000E+0003	 5.59928384173015E+0006
 2.40300000000000E+0003	 5.61964244344438E+0006
 2.40400000000000E+0003	 5.63995737404708E+0006
 2.40500000000000E+0003	 5.66021915178203E+0006
 2.40600000000000E+0003	 5.68041107471926E+0006
 2.40700000000000E+0003	 5.70050767877014E+0006
 2.40800000000000E+0003	 5.72045934008289E+0006
 2.40900000000000E+0003	 5.74024688369914E+0006
 2.41000000000000E+0003	 5.75987326311173E+0006
 2.41100000000000E+0003	 5.77932727911736E+0006
 2.41200000000000E+0003	 5.79860722463446E+0006
 2.41300000000000E+0003	 5.81771654705306E+0006
 2.41400000000000E+0003	 5.83665671524780E+0006
 2.41500000000000E+0003	 5.85541688644025E+0006
 2.41600000000000E+0003	 5.87401987867827E+0006
 2.41700000000000E+0003	 5.89243001321076E+0006
 2.41800000000000E+0003	 5.91068127195202E+0006
 2.41900000000000E+0003	 5.92875789434660E+0006
 2.42000000000000E+0003	 5.94665706935481E+0006
 2.42100000000000E+0003	 5.96438854813778E+0006
 2.42200000000000E+0003	 5.98194519342918E+0006
 2.42300000000000E+0003	 5.99932169177328E+0006
 2.42400000000000E+0003	 6.01651651634650E+0006
 2.42500000000000E+0003	 6.03352390379158E+0006
 2.42600000000000E+0003	 6.05030153874911E+0006
 2.42700000000000E+0003	 6.06685540962745E+0006
 2.42800000000000E+0003	 6.08316079557713E+0006
 2.42900000000000E+0003	 6.09923489618708E+0006
 2.43000000000000E+0003	 6.11506351572925E+0006
 2.43100000000000E+0003	 6.13064413963890E+0006
 2.43200000000000E+0003	 6.14599554807763E+0006
 2.43300000000000E+0003	 6.16109001995613E+0006
 2.43400000000000E+0003	 6.17596312838047E+0006
 2.43500000000000E+0003	 6.19057578609313E+0006
 2.43600000000000E+0003	 6.20495567412221E+0006
 2.43700000000000E+0003	 6.21909189577247E+0006
 2.43800000000000E+0003	 6.23298422344858E+0006
 2.43900000000000E+0003	 6.24662467941998E+0006
 2.44000000000000E+0003	 6.26003997805497E+0006
 2.44100000000000E+0003	 6.27320193251946E+0006
 2.44200000000000E+0003	 6.28611775613985E+0006
 2.44300000000000E+0003	 6.29878326164962E+0006
 2.44400000000000E+0003	 6.31116149693228E+0006
 2.44500000000000E+0003	 6.32325851299044E+0006
 2.44600000000000E+0003	 6.33504998487675E+0006
 2.44700000000000E+0003	 6.34653872202801E+0006
 2.44800000000000E+0003	 6.35772880733508E+0006
 2.44900000000000E+0003	 6.36861581697492E+0006
 2.45000000000000E+0003	 6.37920516751029E+0006
 2.45100000000000E+0003	 6.38948692032428E+0006
 2.45200000000000E+0003	 6.39947353715655E+0006
 2.45300000000000E+0003	 6.40919862940861E+0006
 2.45400000000000E+0003	 6.41867579670324E+0006
 2.45500000000000E+0003	 6.42791274411054E+0006
 2.45600000000000E+0003	 6.43691648070366E+0006
 2.45700000000000E+0003	 6.44569692874566E+0006
 2.45800000000000E+0003	 6.45424258417820E+0006
 2.45900000000000E+0003	 6.46256300059405E+0006
 2.46000000000000E+0003	 6.47065402232095E+0006
 2.46100000000000E+0003	 6.47851674363310E+0006
 2.46200000000000E+0003	 6.48619563403148E+0006
 2.46300000000000E+0003	 6.49368808230504E+0006
 2.46400000000000E+0003	 6.50101619776807E+0006
 2.46500000000000E+0003	 6.50818324883532E+0006
 2.46600000000000E+0003	 6.51520320562723E+0006
 2.46700000000000E+0003	 6.52205733768574E+0006
 2.46800000000000E+0003	 6.52876976442795E+0006
 2.46900000000000E+0003	 6.53532441087169E+0006
 2.47000000000000E+0003	 6.54171944094783E+0006
 2.47100000000000E+0003	 6.54796481879446E+0006
 2.47200000000000E+0003	 6.55404522102739E+0006
 2.47300000000000E+0003	 6.55998215317609E+0006
 2.47400000000000E+0003	 6.56575458213399E+0006
 2.47500000000000E+0003	 6.57137794655654E+0006
 2.47600000000000E+0003	 6.57684123023639E+0006
 2.47700000000000E+0003	 6.58216204794934E+0006
 2.47800000000000E+0003	 6.58731468318921E+0006
 2.47900000000000E+0003	 6.59233479431923E+0006
 2.48000000000000E+0003	 6.59723710427297E+0006
 2.48100000000000E+0003	 6.60205312821888E+0006
 2.48200000000000E+0003	 6.60684701020612E+0006
 2.48300000000000E+0003	 6.61163461508979E+0006
 2.48400000000000E+0003	 6.61641407567186E+0006
 2.48500000000000E+0003	 6.62121167608911E+0006
 2.48600000000000E+0003	 6.62601253077871E+0006
 2.48700000000000E+0003	 6.63081919705905E+0006
 2.48800000000000E+0003	 6.63562169151766E+0006
 2.48900000000000E+0003	 6.64042283519788E+0006
 2.49000000000000E+0003	 6.64523517847535E+0006
 2.49100000000000E+0003	 6.65004857883483E+0006
 2.49200000000000E+0003	 6.65487000530122E+0006
 2.49300000000000E+0003	 6.65969460393025E+0006
 2.49400000000000E+0003	 6.66452034779819E+0006
 2.49500000000000E+0003	 6.66935363161329E+0006
 2.49600000000000E+0003	 6.67420649865641E+0006
 2.49700000000000E+0003	 6.67904054353693E+0006
 2.49800000000000E+0003	 6.68391790458411E+0006
 2.49900000000000E+0003	 6.68882323285753E+0006
 2.50000000000000E+0003	 6.69378172643828E+0006
 2.50100000000000E+0003	 6.69883675002143E+0006
 2.50200000000000E+0003	 6.70398183947895E+0006
 2.50300000000000E+0003	 6.70922431279969E+0006
 2.50400000000000E+0003	 6.71458645433581E+0006
 2.50500000000000E+0003	 6.72004378616940E+0006
 2.50600000000000E+0003	 6.72560301218994E+0006
 2.50700000000000E+0003	 6.73126346789157E+0006
 2.50800000000000E+0003	 6.73703098297940E+0006
 2.50900000000000E+0003	 6.74289565311419E+0006
 2.51000000000000E+0003	 6.74886493882447E+0006
 2.51100000000000E+0003	 6.75494155674338E+0006
 2.51200000000000E+0003	 6.76112586635417E+0006
 2.51300000000000E+0003	 6.76745088282621E+0006
 2.51400000000000E+0003	 6.77384349054982E+0006
 2.51500000000000E+0003	 6.78034677897000E+0006
 2.51600000000000E+0003	 6.78692936881028E+0006
 2.51700000000000E+0003	 6.79362391871528E+0006
 2.51800000000000E+0003	 6.80041789710363E+0006
 2.51900000000000E+0003	 6.80730205747713E+0006
 2.52000000000000E+0003	 6.81426480194325E+0006
 2.52100000000000E+0003	 6.82131138183844E+0006
 2.52200000000000E+0003	 6.82843550593965E+0006
 2.52300000000000E+0003	 6.83563812974659E+0006
 2.52400000000000E+0003	 6.84293252129097E+0006
 2.52500000000000E+0003	 6.85030462808816E+0006
 2.52600000000000E+0003	 6.85775350254823E+0006
 2.52700000000000E+0003	 6.86529290679964E+0006
 2.52800000000000E+0003	 6.87289144414023E+0006
 2.52900000000000E+0003	 6.88058782829338E+0006
 2.53000000000000E+0003	 6.88835613509410E+0006
 2.53100000000000E+0003	 6.89621114742057E+0006
 2.53200000000000E+0003	 6.90413992502474E+0006
 2.53300000000000E+0003	 6.91216908276908E+0006
 2.53400000000000E+0003	 6.92027355790945E+0006
 2.53500000000000E+0003	 6.92845519620652E+0006
 2.53600000000000E+0003	 6.93673367995213E+0006
 2.53700000000000E+0003	 6.94509360195563E+0006
 2.53800000000000E+0003	 6.95355472656524E+0006
 2.53900000000000E+0003	 6.96210425434492E+0006
 2.54000000000000E+0003	 6.97076321208165E+0006
 2.54100000000000E+0003	 6.97950866562079E+0006
 2.54200000000000E+0003	 6.98835798207033E+0006
 2.54300000000000E+0003	 6.99731434944108E+0006
 2.54400000000000E+0003	 7.00636769960481E+0006
 2.54500000000000E+0003	 7.01551651196696E+0006
 2.54600000000000E+0003	 7.02477619389020E+0006
 2.54700000000000E+0003	 7.03412519448415E+0006
 2.54800000000000E+0003	 7.04358021331180E+0006
 2.54900000000000E+0003	 7.05313659839813E+0006
 2.55000000000000E+0003	 7.06279670795289E+0006
 2.55100000000000E+0003	 7.07254468929839E+0006
 2.55200000000000E+0003	 7.08241712953781E+0006
 2.55300000000000E+0003	 7.09237685980894E+0006
 2.55400000000000E+0003	 7.10243309286976E+0006
 2.55500000000000E+0003	 7.11260204321029E+0006
 2.55600000000000E+0003	 7.12285479984352E+0006
 2.55700000000000E+0003	 7.13320293959183E+0006
 2.55800000000000E+0003	 7.14363052916044E+0006
 2.55900000000000E+0003	 7.15416727602494E+0006
 2.56000000000000E+0003	 7.16478547728664E+0006
 2.56100000000000E+0003	 7.17549458269709E+0006
 2.56200000000000E+0003	 7.18630108161873E+0006
 2.56300000000000E+0003	 7.19719808755882E+0006
 2.56400000000000E+0003	 7.20817364858579E+0006
 2.56500000000000E+0003	 7.21926145667191E+0006
 2.56600000000000E+0003	 7.23042497214550E+0006
 2.56700000000000E+0003	 7.24168413521407E+0006
 2.56800000000000E+0003	 7.25303880620519E+0006
 2.56900000000000E+0003	 7.26448147206665E+0006
 2.57000000000000E+0003	 7.27600961308235E+0006
 2.57100000000000E+0003	 7.28765229804944E+0006
 2.57200000000000E+0003	 7.29936534978351E+0006
 2.57300000000000E+0003	 7.31116790825376E+0006
 2.57400000000000E+0003	 7.32308648631631E+0006
 2.57500000000000E+0003	 7.33511283716898E+0006
 2.57600000000000E+0003	 7.34726679683726E+0006
 2.57700000000000E+0003	 7.35954130749775E+0006
 2.57800000000000E+0003	 7.37196506330575E+0006
 2.57900000000000E+0003	 7.38451088173628E+0006
 2.58000000000000E+0003	 7.39719252814917E+0006
 2.58100000000000E+0003	 7.41001349132425E+0006
 2.58200000000000E+0003	 7.42297166413424E+0006
 2.58300000000000E+0003	 7.43604728147190E+0006
 2.58400000000000E+0003	 7.44927711355986E+0006
 2.58500000000000E+0003	 7.46263093415571E+0006
 2.58600000000000E+0003	 7.47611952362615E+0006
 2.58700000000000E+0003	 7.48974301745937E+0006
 2.58800000000000E+0003	 7.50350765167145E+0006
 2.58900000000000E+0003	 7.51739255559137E+0006
 2.59000000000000E+0003	 7.53143403969714E+0006
 2.59100000000000E+0003	 7.54559831459251E+0006
 2.59200000000000E+0003	 7.55988608320221E+0006
 2.59300000000000E+0003	 7.57431421860951E+0006
 2.59400000000000E+0003	 7.58888437603452E+0006
 2.59500000000000E+0003	 7.60360229183320E+0006
 2.59600000000000E+0003	 7.61844994480186E+0006
 2.59700000000000E+0003	 7.63346163424950E+0006
 2.59800000000000E+0003	 7.64860285411821E+0006
 2.59900000000000E+0003	 7.66388105844881E+0006
 2.60000000000000E+0003	 7.67931517342473E+0006
 2.60100000000000E+0003	 7.69488803881187E+0006
 2.60200000000000E+0003	 7.71057923123511E+0006
 2.60300000000000E+0003	 7.72640682359613E+0006
 2.60400000000000E+0003	 7.74231971178062E+0006
 2.60500000000000E+0003	 7.75831959047136E+0006
 2.60600000000000E+0003	 7.77439719524601E+0006
 2.60700000000000E+0003	 7.79053969386233E+0006
 2.60800000000000E+0003	 7.80675344005795E+0006
 2.60900000000000E+0003	 7.82303904102372E+0006
 2.61000000000000E+0003	 7.83939857043241E+0006
 2.61100000000000E+0003	 7.85582192564960E+0006
 2.61200000000000E+0003	 7.87233029330641E+0006
 2.61300000000000E+0003	 7.88893151758025E+0006
 2.61400000000000E+0003	 7.90564103699809E+0006
 2.61500000000000E+0003	 7.92246100822123E+0006
 2.61600000000000E+0003	 7.93939677258010E+0006
 2.61700000000000E+0003	 7.95644216552997E+0006
 2.61800000000000E+0003	 7.97359672487132E+0006
 2.61900000000000E+0003	 7.99087407039521E+0006
 2.62000000000000E+0003	 8.00827091302673E+0006
 2.62100000000000E+0003	 8.02576672711636E+0006
 2.62200000000000E+0003	 8.04338672574667E+0006
 2.62300000000000E+0003	 8.06111327309211E+0006
 2.62400000000000E+0003	 8.07896574930984E+0006
 2.62500000000000E+0003	 8.09692466944477E+0006
 2.62600000000000E+0003	 8.11500135785936E+0006
 2.62700000000000E+0003	 8.13319321432566E+0006
 2.62800000000000E+0003	 8.15151018795705E+0006
 2.62900000000000E+0003	 8.16993285094970E+0006
 2.63000000000000E+0003	 8.18846739143021E+0006
 2.63100000000000E+0003	 8.20708730776369E+0006
 2.63200000000000E+0003	 8.22578596240422E+0006
 2.63300000000000E+0003	 8.24451170364662E+0006
 2.63400000000000E+0003	 8.26325813549934E+0006
 2.63500000000000E+0003	 8.28199454678345E+0006
 2.63600000000000E+0003	 8.30074648761034E+0006
 2.63700000000000E+0003	 8.31950415740926E+0006
 2.63800000000000E+0003	 8.33826253638899E+0006
 2.63900000000000E+0003	 8.35702817324350E+0006
 2.64000000000000E+0003	 8.37578716651182E+0006
 2.64100000000000E+0003	 8.39455596524268E+0006
 2.64200000000000E+0003	 8.41332480258914E+0006
 2.64300000000000E+0003	 8.43210522872428E+0006
 2.64400000000000E+0003	 8.45089033007305E+0006
 2.64500000000000E+0003	 8.46967374288764E+0006
 2.64600000000000E+0003	 8.48846545025174E+0006
 2.64700000000000E+0003	 8.50726460260292E+0006
 2.64800000000000E+0003	 8.52607219688145E+0006
 2.64900000000000E+0003	 8.54486945631271E+0006
 2.65000000000000E+0003	 8.56366033417443E+0006
 2.65100000000000E+0003	 8.58248125876934E+0006
 2.65200000000000E+0003	 8.60132363502666E+0006
 2.65300000000000E+0003	 8.62018244625481E+0006
 2.65400000000000E+0003	 8.63905744527953E+0006
 2.65500000000000E+0003	 8.65796475087673E+0006
 2.65600000000000E+0003	 8.67689247299461E+0006
 2.65700000000000E+0003	 8.69585637232048E+0006
 2.65800000000000E+0003	 8.71483320495680E+0006
 2.65900000000000E+0003	 8.73382948598037E+0006
 2.66000000000000E+0003	 8.75283841371325E+0006
 2.66100000000000E+0003	 8.77188692348124E+0006
 2.66200000000000E+0003	 8.79096291486676E+0006
 2.66300000000000E+0003	 8.81005547853647E+0006
 2.66400000000000E+0003	 8.82917246411986E+0006
 2.66500000000000E+0003	 8.84831919788671E+0006
 2.66600000000000E+0003	 8.86748697290819E+0006
 2.66700000000000E+0003	 8.88668574134145E+0006
 2.66800000000000E+0003	 8.90589321001417E+0006
 2.66900000000000E+0003	 8.92511584786171E+0006
 2.67000000000000E+0003	 8.94432676253888E+0006
 2.67100000000000E+0003	 8.96349889957476E+0006
 2.67200000000000E+0003	 8.98261886327426E+0006
 2.67300000000000E+0003	 9.00164869818904E+0006
 2.67400000000000E+0003	 9.02060300905057E+0006
 2.67500000000000E+0003	 9.03946756241190E+0006
 2.67600000000000E+0003	 9.05824624827799E+0006
 2.67700000000000E+0003	 9.07694760827591E+0006
 2.67800000000000E+0003	 9.09555278424328E+0006
 2.67900000000000E+0003	 9.11405265843029E+0006
 2.68000000000000E+0003	 9.13245834343571E+0006
 2.68100000000000E+0003	 9.15079369757671E+0006
 2.68200000000000E+0003	 9.16893133423849E+0006
 2.68300000000000E+0003	 9.18691616069512E+0006
 2.68400000000000E+0003	 9.20475374154490E+0006
 2.68500000000000E+0003	 9.22244345066387E+0006
 2.68600000000000E+0003	 9.23997901937433E+0006
 2.68700000000000E+0003	 9.25736752930879E+0006
 2.68800000000000E+0003	 9.27459401406961E+0006
 2.68900000000000E+0003	 9.29164312420790E+0006
 2.69000000000000E+0003	 9.30850424252694E+0006
 2.69100000000000E+0003	 9.32514256357335E+0006
 2.69200000000000E+0003	 9.34155728345864E+0006
 2.69300000000000E+0003	 9.35772035230800E+0006
 2.69400000000000E+0003	 9.37365396017746E+0006
 2.69500000000000E+0003	 9.38934590174618E+0006
 2.69600000000000E+0003	 9.40479966037777E+0006
 2.69700000000000E+0003	 9.41999308331368E+0006
 2.69800000000000E+0003	 9.43494757510829E+0006
 2.69900000000000E+0003	 9.44966979750582E+0006
 2.70000000000000E+0003	 9.46414378044435E+0006
