 1.00000000000000E+0003	 3.39588221244829E+0003
 1.00100000000000E+0003	 3.39699218685808E+0003
 1.00200000000000E+0003	 3.39809285112611E+0003
 1.00300000000000E+0003	 3.39918413248804E+0003
 1.00400000000000E+0003	 3.40026596535389E+0003
 1.00500000000000E+0003	 3.40133988234988E+0003
 1.00600000000000E+0003	 3.40240799774542E+0003
 1.00700000000000E+0003	 3.40347031066993E+0003
 1.00800000000000E+0003	 3.40452681599166E+0003
 1.00900000000000E+0003	 3.40557751110462E+0003
 1.01000000000000E+0003	 3.40662239918011E+0003
 1.01100000000000E+0003	 3.40766147282901E+0003
 1.01200000000000E+0003	 3.40869471879062E+0003
 1.01300000000000E+0003	 3.40972213703869E+0003
 1.01400000000000E+0003	 3.41074371997648E+0003
 1.01500000000000E+0003	 3.41175947858721E+0003
 1.01600000000000E+0003	 3.41276945691806E+0003
 1.01700000000000E+0003	 3.41379028334763E+0003
 1.01800000000000E+0003	 3.41483504798149E+0003
 1.01900000000000E+0003	 3.41590377508114E+0003
 1.02000000000000E+0003	 3.41699648416811E+0003
 1.02100000000000E+0003	 3.41811319819658E+0003
 1.02200000000000E+0003	 3.41925393807683E+0003
 1.02300000000000E+0003	 3.42041873438986E+0003
 1.02400000000000E+0003	 3.42160761093559E+0003
 1.02500000000000E+0003	 3.42282059344584E+0003
 1.02600000000000E+0003	 3.42405770716800E+0003
 1.02700000000000E+0003	 3.42531899729216E+0003
 1.02800000000000E+0003	 3.42660447309469E+0003
 1.02900000000000E+0003	 3.42791413573631E+0003
 1.03000000000000E+0003	 3.42924807281321E+0003
 1.03100000000000E+0003	 3.43060636890731E+0003
 1.03200000000000E+0003	 3.43198904561081E+0003
 1.03300000000000E+0003	 3.43339612939462E+0003
 1.03400000000000E+0003	 3.43482688115225E+0003
 1.03500000000000E+0003	 3.43624028243325E+0003
 1.03600000000000E+0003	 3.43761292068905E+0003
 1.03700000000000E+0003	 3.43894473966348E+0003
 1.03800000000000E+0003	 3.44023569453346E+0003
 1.03900000000000E+0003	 3.44148576944090E+0003
 1.04000000000000E+0003	 3.44269491925324E+0003
 1.04100000000000E+0003	 3.44386308948083E+0003
 1.04200000000000E+0003	 3.44499020388228E+0003
 1.04300000000000E+0003	 3.44607618555031E+0003
 1.04400000000000E+0003	 3.44712095037825E+0003
 1.04500000000000E+0003	 3.44812446169345E+0003
 1.04600000000000E+0003	 3.44908667559779E+0003
 1.04700000000000E+0003	 3.45000755649387E+0003
 1.04800000000000E+0003	 3.45088706648778E+0003
 1.04900000000000E+0003	 3.45172516755515E+0003
 1.05000000000000E+0003	 3.45252181265871E+0003
 1.05100000000000E+0003	 3.45327696556861E+0003
 1.05200000000000E+0003	 3.45399096711687E+0003
 1.05300000000000E+0003	 3.45472433763187E+0003
 1.05400000000000E+0003	 3.45552097274943E+0003
 1.05500000000000E+0003	 3.45638092950326E+0003
 1.05600000000000E+0003	 3.45730427186125E+0003
 1.05700000000000E+0003	 3.45829107631033E+0003
 1.05800000000000E+0003	 3.45934144695293E+0003
 1.05900000000000E+0003	 3.46045545099942E+0003
 1.06000000000000E+0003	 3.46163311755010E+0003
 1.06100000000000E+0003	 3.46287452018518E+0003
 1.06200000000000E+0003	 3.46417972473918E+0003
 1.06300000000000E+0003	 3.46554879348447E+0003
 1.06400000000000E+0003	 3.46698179200866E+0003
 1.06500000000000E+0003	 3.46847878572976E+0003
 1.06600000000000E+0003	 3.47003984775668E+0003
 1.06700000000000E+0003	 3.47166504505284E+0003
 1.06800000000000E+0003	 3.47335444637735E+0003
 1.06900000000000E+0003	 3.47510812019067E+0003
 1.07000000000000E+0003	 3.47692617077452E+0003
 1.07100000000000E+0003	 3.47877775206572E+0003
 1.07200000000000E+0003	 3.48061066420115E+0003
 1.07300000000000E+0003	 3.48242404591007E+0003
 1.07400000000000E+0003	 3.48421787944111E+0003
 1.07500000000000E+0003	 3.48599213807044E+0003
 1.07600000000000E+0003	 3.48774680268411E+0003
 1.07700000000000E+0003	 3.48948184676699E+0003
 1.07800000000000E+0003	 3.49119725192866E+0003
 1.07900000000000E+0003	 3.49289299590813E+0003
 1.08000000000000E+0003	 3.49456904909012E+0003
 1.08100000000000E+0003	 3.49622539023264E+0003
 1.08200000000000E+0003	 3.49786202901413E+0003
 1.08300000000000E+0003	 3.49947895474098E+0003
 1.08400000000000E+0003	 3.50107607525261E+0003
 1.08500000000000E+0003	 3.50265331808267E+0003
 1.08600000000000E+0003	 3.50421067513472E+0003
 1.08700000000000E+0003	 3.50574812984470E+0003
 1.08800000000000E+0003	 3.50726566372613E+0003
 1.08900000000000E+0003	 3.51406711812635E+0003
 1.09000000000000E+0003	 3.56155290195759E+0003
 1.09100000000000E+0003	 3.65629981131473E+0003
 1.09200000000000E+0003	 3.79593272835420E+0003
 1.09300000000000E+0003	 3.95755552149802E+0003
 1.09400000000000E+0003	 4.12227347083085E+0003
 1.09500000000000E+0003	 4.27127790767391E+0003
 1.09600000000000E+0003	 4.39646490834656E+0003
 1.09700000000000E+0003	 4.49516024235153E+0003
 1.09800000000000E+0003	 4.56762264036851E+0003
 1.09900000000000E+0003	 4.62151192543458E+0003
 1.10000000000000E+0003	 4.66025704220945E+0003
 1.10100000000000E+0003	 4.68395257841688E+0003
 1.10200000000000E+0003	 4.70042997039414E+0003
 1.10300000000000E+0003	 4.71451090011826E+0003
 1.10400000000000E+0003	 4.72619298648885E+0003
 1.10500000000000E+0003	 4.73547383545117E+0003
 1.10600000000000E+0003	 4.74235104956127E+0003
 1.10700000000000E+0003	 4.74682223091370E+0003
 1.10800000000000E+0003	 4.74995196645220E+0003
 1.10900000000000E+0003	 4.75311859973549E+0003
 1.11000000000000E+0003	 4.75632767739210E+0003
 1.11100000000000E+0003	 4.75957924865014E+0003
 1.11200000000000E+0003	 4.76287335871386E+0003
 1.11300000000000E+0003	 4.76621014811080E+0003
 1.11400000000000E+0003	 4.76954114903652E+0003
 1.11500000000000E+0003	 4.77273354857827E+0003
 1.11600000000000E+0003	 4.77577962694358E+0003
 1.11700000000000E+0003	 4.77867922680761E+0003
 1.11800000000000E+0003	 4.78143218402209E+0003
 1.11900000000000E+0003	 4.78403834186509E+0003
 1.12000000000000E+0003	 4.78652394814035E+0003
 1.12100000000000E+0003	 4.78905805970203E+0003
 1.12200000000000E+0003	 4.79167077950082E+0003
 1.12300000000000E+0003	 4.79436218683254E+0003
 1.12400000000000E+0003	 4.79713236589602E+0003
 1.12500000000000E+0003	 4.79998143295764E+0003
 1.12600000000000E+0003	 4.80291323634718E+0003
 1.12700000000000E+0003	 4.80602127358615E+0003
 1.12800000000000E+0003	 4.80934617868717E+0003
 1.12900000000000E+0003	 4.81288814589438E+0003
 1.13000000000000E+0003	 4.81664737820724E+0003
 1.13100000000000E+0003	 4.82062407472348E+0003
 1.13200000000000E+0003	 4.82481842965858E+0003
 1.13300000000000E+0003	 4.83111784494253E+0003
 1.13400000000000E+0003	 4.84168874895916E+0003
 1.13500000000000E+0003	 4.85653756083784E+0003
 1.13600000000000E+0003	 4.87566821802708E+0003
 1.13700000000000E+0003	 4.89908467541900E+0003
 1.13800000000000E+0003	 4.92679088894033E+0003
 1.13900000000000E+0003	 4.95834562053305E+0003
 1.14000000000000E+0003	 4.99236512379971E+0003
 1.14100000000000E+0003	 5.02875208698035E+0003
 1.14200000000000E+0003	 5.06751040556438E+0003
 1.14300000000000E+0003	 5.10864430089518E+0003
 1.14400000000000E+0003	 5.15215642588623E+0003
 1.14500000000000E+0003	 5.19745834604977E+0003
 1.14600000000000E+0003	 5.23840632258949E+0003
 1.14700000000000E+0003	 5.27336593723702E+0003
 1.14800000000000E+0003	 5.30233056524335E+0003
 1.14900000000000E+0003	 5.32529356862780E+0003
 1.15000000000000E+0003	 5.34224830975888E+0003
 1.15100000000000E+0003	 5.35319624229715E+0003
 1.15200000000000E+0003	 5.36108671547966E+0003
 1.15300000000000E+0003	 5.36830891006847E+0003
 1.15400000000000E+0003	 5.37486209171500E+0003
 1.15500000000000E+0003	 5.38074552169432E+0003
 1.15600000000000E+0003	 5.38595851388967E+0003
 1.15700000000000E+0003	 5.39050028278166E+0003
 1.15800000000000E+0003	 5.39451094564025E+0003
 1.15900000000000E+0003	 5.39837664514587E+0003
 1.16000000000000E+0003	 5.40211939232592E+0003
 1.16100000000000E+0003	 5.40573904165902E+0003
 1.16200000000000E+0003	 5.40923545454818E+0003
 1.16300000000000E+0003	 5.41260847964977E+0003
 1.16400000000000E+0003	 5.41585798851401E+0003
 1.16500000000000E+0003	 5.41898383001603E+0003
 1.16600000000000E+0003	 5.42198586161197E+0003
 1.16700000000000E+0003	 5.42486394129863E+0003
 1.16800000000000E+0003	 5.42761797204952E+0003
 1.16900000000000E+0003	 5.43024781019756E+0003
 1.17000000000000E+0003	 5.43275326672948E+0003
 1.17100000000000E+0003	 5.43516729196495E+0003
 1.17200000000000E+0003	 5.43752466124513E+0003
 1.17300000000000E+0003	 5.43982529722474E+0003
 1.17400000000000E+0003	 5.44206914201259E+0003
 1.17500000000000E+0003	 5.44425613630620E+0003
 1.17600000000000E+0003	 5.44638622285485E+0003
 1.17700000000000E+0003	 5.44845934435018E+0003
 1.17800000000000E+0003	 5.45047544097685E+0003
 1.17900000000000E+0003	 5.45243445095587E+0003
 1.18000000000000E+0003	 5.45433632363732E+0003
 1.18100000000000E+0003	 5.45618100471048E+0003
 1.18200000000000E+0003	 5.45796845113249E+0003
 1.18300000000000E+0003	 5.45970019775447E+0003
 1.18400000000000E+0003	 5.46143613971078E+0003
 1.18500000000000E+0003	 5.46320668024113E+0003
 1.18600000000000E+0003	 5.46501184845595E+0003
 1.18700000000000E+0003	 5.46685175419127E+0003
 1.18800000000000E+0003	 5.46872641953368E+0003
 1.18900000000000E+0003	 5.47063588471809E+0003
 1.19000000000000E+0003	 5.47258020535343E+0003
 1.19100000000000E+0003	 5.47455940278774E+0003
 1.19200000000000E+0003	 5.47657350859933E+0003
 1.19300000000000E+0003	 5.47862255960390E+0003
 1.19400000000000E+0003	 5.48070660296281E+0003
 1.19500000000000E+0003	 5.48282567919178E+0003
 1.19600000000000E+0003	 5.48497246363400E+0003
 1.19700000000000E+0003	 5.48704248554771E+0003
 1.19800000000000E+0003	 5.48900175067171E+0003
 1.19900000000000E+0003	 5.49085016521304E+0003
 1.20000000000000E+0003	 5.49258756705447E+0003
 1.20100000000000E+0003	 5.49421384895045E+0003
 1.20200000000000E+0003	 5.49572888975995E+0003
 1.20300000000000E+0003	 5.49713253860076E+0003
 1.20400000000000E+0003	 5.49842467898052E+0003
 1.20500000000000E+0003	 5.49960519667710E+0003
 1.20600000000000E+0003	 5.50067396321185E+0003
 1.20700000000000E+0003	 5.50163087896413E+0003
 1.20800000000000E+0003	 5.50247581473820E+0003
 1.20900000000000E+0003	 5.50322351456375E+0003
 1.21000000000000E+0003	 5.50402684854329E+0003
 1.21100000000000E+0003	 5.50492620406977E+0003
 1.21200000000000E+0003	 5.50592165144582E+0003
 1.21300000000000E+0003	 5.50701325347886E+0003
 1.21400000000000E+0003	 5.50820113078908E+0003
 1.21500000000000E+0003	 5.50948539766755E+0003
 1.21600000000000E+0003	 5.51086613009420E+0003
 1.21700000000000E+0003	 5.51234342434909E+0003
 1.21800000000000E+0003	 5.51391734733203E+0003
 1.21900000000000E+0003	 5.51558796068220E+0003
 1.22000000000000E+0003	 5.51735535622525E+0003
 1.22100000000000E+0003	 5.51921962096126E+0003
 1.22200000000000E+0003	 5.52117232456879E+0003
 1.22300000000000E+0003	 5.52312134321493E+0003
 1.22400000000000E+0003	 5.52504152625423E+0003
 1.22500000000000E+0003	 5.52693285535725E+0003
 1.22600000000000E+0003	 5.52879529047638E+0003
 1.22700000000000E+0003	 5.53062881394768E+0003
 1.22800000000000E+0003	 5.53243339815010E+0003
 1.22900000000000E+0003	 5.53420901416513E+0003
 1.23000000000000E+0003	 5.53595567486182E+0003
 1.23100000000000E+0003	 5.53767330127660E+0003
 1.23200000000000E+0003	 5.53936187413266E+0003
 1.23300000000000E+0003	 5.54102138660465E+0003
 1.23400000000000E+0003	 5.54265178835823E+0003
 1.23500000000000E+0003	 5.54426118209512E+0003
 1.23600000000000E+0003	 5.54598783488521E+0003
 1.23700000000000E+0003	 5.54788161222426E+0003
 1.23800000000000E+0003	 5.54994267612627E+0003
 1.23900000000000E+0003	 5.55217119403834E+0003
 1.24000000000000E+0003	 5.55456733284712E+0003
 1.24100000000000E+0003	 5.55713126751364E+0003
 1.24200000000000E+0003	 5.55986317149297E+0003
 1.24300000000000E+0003	 5.56276317117608E+0003
 1.24400000000000E+0003	 5.56583144153625E+0003
 1.24500000000000E+0003	 5.56906815672639E+0003
 1.24600000000000E+0003	 5.57247346299614E+0003
 1.24700000000000E+0003	 5.57604752140588E+0003
 1.24800000000000E+0003	 5.57978768933238E+0003
 1.24900000000000E+0003	 5.58350938312909E+0003
 1.25000000000000E+0003	 5.58710126722695E+0003
 1.25100000000000E+0003	 5.59056320031900E+0003
 1.25200000000000E+0003	 5.59389505705442E+0003
 1.25300000000000E+0003	 5.59709670875704E+0003
 1.25400000000000E+0003	 5.60016809534301E+0003
 1.25500000000000E+0003	 5.60310904211691E+0003
 1.25600000000000E+0003	 5.60591939733801E+0003
 1.25700000000000E+0003	 5.60859906072429E+0003
 1.25800000000000E+0003	 5.61114791309145E+0003
 1.25900000000000E+0003	 5.61356580822986E+0003
 1.26000000000000E+0003	 5.61585261497266E+0003
 1.26100000000000E+0003	 5.61800820468206E+0003
 1.26200000000000E+0003	 5.62015446768854E+0003
 1.26300000000000E+0003	 5.62245867782723E+0003
 1.26400000000000E+0003	 5.62492198298600E+0003
 1.26500000000000E+0003	 5.62754453651130E+0003
 1.26600000000000E+0003	 5.63032649466485E+0003
 1.26700000000000E+0003	 5.63326801462668E+0003
 1.26800000000000E+0003	 5.63636925667205E+0003
 1.26900000000000E+0003	 5.63963036604876E+0003
 1.27000000000000E+0003	 5.64305150843683E+0003
 1.27100000000000E+0003	 5.64663283747847E+0003
 1.27200000000000E+0003	 5.65037451398837E+0003
 1.27300000000000E+0003	 5.65427672310079E+0003
 1.27400000000000E+0003	 5.65833957581605E+0003
 1.27500000000000E+0003	 5.66247904597010E+0003
 1.27600000000000E+0003	 5.66638073659013E+0003
 1.27700000000000E+0003	 5.67001456630557E+0003
 1.27800000000000E+0003	 5.67338027522832E+0003
 1.27900000000000E+0003	 5.67647760107738E+0003
 1.28000000000000E+0003	 5.67930629397821E+0003
 1.28100000000000E+0003	 5.68186609169808E+0003
 1.28200000000000E+0003	 5.68487861118009E+0003
 1.28300000000000E+0003	 5.68920421515658E+0003
 1.28400000000000E+0003	 5.69484573462553E+0003
 1.28500000000000E+0003	 5.70180438131227E+0003
 1.28600000000000E+0003	 5.71008134072995E+0003
 1.28700000000000E+0003	 5.71967784172097E+0003
 1.28800000000000E+0003	 5.73053281704797E+0003
 1.28900000000000E+0003	 5.74142269075160E+0003
 1.29000000000000E+0003	 5.75187274259574E+0003
 1.29100000000000E+0003	 5.76188256187843E+0003
 1.29200000000000E+0003	 5.77145173536050E+0003
 1.29300000000000E+0003	 5.78057986354347E+0003
 1.29400000000000E+0003	 5.78926652527391E+0003
 1.29500000000000E+0003	 5.79751131252449E+0003
 1.29600000000000E+0003	 5.80531384373188E+0003
 1.29700000000000E+0003	 5.81267369626664E+0003
 1.29800000000000E+0003	 5.81959047992814E+0003
 1.29900000000000E+0003	 5.82617955146620E+0003
 1.30000000000000E+0003	 5.83306582147345E+0003
 1.30100000000000E+0003	 5.84034294863078E+0003
 1.30200000000000E+0003	 5.84796048174230E+0003
 1.30300000000000E+0003	 5.85582575493967E+0003
 1.30400000000000E+0003	 5.86393701293619E+0003
 1.30500000000000E+0003	 5.87229447913893E+0003
 1.30600000000000E+0003	 5.88089838304930E+0003
 1.30700000000000E+0003	 5.88974894620365E+0003
 1.30800000000000E+0003	 5.89884639798002E+0003
 1.30900000000000E+0003	 5.90819097150012E+0003
 1.31000000000000E+0003	 5.91778290413367E+0003
 1.31100000000000E+0003	 5.92762242743922E+0003
 1.31200000000000E+0003	 5.93770976479837E+0003
 1.31300000000000E+0003	 5.94804515710825E+0003
 1.31400000000000E+0003	 5.95862883283546E+0003
 1.31500000000000E+0003	 5.96945919064368E+0003
 1.31600000000000E+0003	 5.98051244781458E+0003
 1.31700000000000E+0003	 5.99178128081740E+0003
 1.31800000000000E+0003	 6.00326589287326E+0003
 1.31900000000000E+0003	 6.01496648700312E+0003
 1.32000000000000E+0003	 6.02688323190345E+0003
 1.32100000000000E+0003	 6.03901631800965E+0003
 1.32200000000000E+0003	 6.05136593742972E+0003
 1.32300000000000E+0003	 6.06393229370903E+0003
 1.32400000000000E+0003	 6.07671557790129E+0003
 1.32500000000000E+0003	 6.08971598978353E+0003
 1.32600000000000E+0003	 6.10293372579183E+0003
 1.32700000000000E+0003	 6.11636899961203E+0003
 1.32800000000000E+0003	 6.13002199399007E+0003
 1.32900000000000E+0003	 6.14423783854320E+0003
 1.33000000000000E+0003	 6.15982424931579E+0003
 1.33100000000000E+0003	 6.17681575653960E+0003
 1.33200000000000E+0003	 6.19521359015373E+0003
 1.33300000000000E+0003	 6.21501917840834E+0003
 1.33400000000000E+0003	 6.23623398877521E+0003
 1.33500000000000E+0003	 6.25885932020235E+0003
 1.33600000000000E+0003	 6.28289648176986E+0003
 1.33700000000000E+0003	 6.30834676734065E+0003
 1.33800000000000E+0003	 6.33521148658303E+0003
 1.33900000000000E+0003	 6.36349197671258E+0003
 1.34000000000000E+0003	 6.39318954224188E+0003
 1.34100000000000E+0003	 6.42430549933227E+0003
 1.34200000000000E+0003	 6.45687587117874E+0003
 1.34300000000000E+0003	 6.49373736355459E+0003
 1.34400000000000E+0003	 6.53669488261491E+0003
 1.34500000000000E+0003	 6.58575407509439E+0003
 1.34600000000000E+0003	 6.64238347092831E+0003
 1.34700000000000E+0003	 6.71081696871395E+0003
 1.34800000000000E+0003	 6.79133193075381E+0003
 1.34900000000000E+0003	 6.88308192859562E+0003
 1.35000000000000E+0003	 6.97020518502988E+0003
 1.35100000000000E+0003	 7.04672969875498E+0003
 1.35200000000000E+0003	 7.11264631403700E+0003
 1.35300000000000E+0003	 7.16846672381005E+0003
 1.35400000000000E+0003	 7.21510313705554E+0003
 1.35500000000000E+0003	 7.25256513216977E+0003
 1.35600000000000E+0003	 7.28151799492928E+0003
 1.35700000000000E+0003	 7.30787186129583E+0003
 1.35800000000000E+0003	 7.33300831345646E+0003
 1.35900000000000E+0003	 7.35692630627136E+0003
 1.36000000000000E+0003	 7.38165960513122E+0003
 1.36100000000000E+0003	 7.40948095441767E+0003
 1.36200000000000E+0003	 7.44039472813425E+0003
 1.36300000000000E+0003	 7.47540311435583E+0003
 1.36400000000000E+0003	 7.51986362631940E+0003
 1.36500000000000E+0003	 7.57457753578606E+0003
 1.36600000000000E+0003	 7.63955376746521E+0003
 1.36700000000000E+0003	 7.71480123293738E+0003
 1.36800000000000E+0003	 7.80033001181094E+0003
 1.36900000000000E+0003	 7.89615059530667E+0003
 1.37000000000000E+0003	 8.00329284673806E+0003
 1.37100000000000E+0003	 8.12555155269758E+0003
 1.37200000000000E+0003	 8.26329597225734E+0003
 1.37300000000000E+0003	 8.41636794015876E+0003
 1.37400000000000E+0003	 8.57736482128578E+0003
 1.37500000000000E+0003	 8.74234805033245E+0003
 1.37600000000000E+0003	 8.91132131829894E+0003
 1.37700000000000E+0003	 9.08043763836149E+0003
 1.37800000000000E+0003	 9.23898107710011E+0003
 1.37900000000000E+0003	 9.38631120781939E+0003
 1.38000000000000E+0003	 9.52225540642667E+0003
 1.38100000000000E+0003	 9.64315430843253E+0003
 1.38200000000000E+0003	 9.74748527985515E+0003
 1.38300000000000E+0003	 9.83523292604109E+0003
 1.38400000000000E+0003	 9.90999892031893E+0003
 1.38500000000000E+0003	 9.97981406392449E+0003
 1.38600000000000E+0003	 1.00449677211613E+0004
 1.38700000000000E+0003	 1.01054558261653E+0004
 1.38800000000000E+0003	 1.01612743048141E+0004
 1.38900000000000E+0003	 1.02124190805157E+0004
 1.39000000000000E+0003	 1.02588860747118E+0004
 1.39100000000000E+0003	 1.03009485993041E+0004
 1.39200000000000E+0003	 1.03391264844444E+0004
 1.39300000000000E+0003	 1.03734286474380E+0004
 1.39400000000000E+0003	 1.04038517123509E+0004
 1.39500000000000E+0003	 1.04303922917665E+0004
 1.39600000000000E+0003	 1.04530470080085E+0004
 1.39700000000000E+0003	 1.04718124543133E+0004
 1.39800000000000E+0003	 1.04879830423201E+0004
 1.39900000000000E+0003	 1.05037653102691E+0004
 1.40000000000000E+0003	 1.05191956794726E+0004
 1.40100000000000E+0003	 1.05342738606782E+0004
 1.40200000000000E+0003	 1.05489995386578E+0004
 1.40300000000000E+0003	 1.05633722107547E+0004
 1.40400000000000E+0003	 1.05773914285058E+0004
 1.40500000000000E+0003	 1.05913354482783E+0004
 1.40600000000000E+0003	 1.06056572271839E+0004
 1.40700000000000E+0003	 1.06203634103230E+0004
 1.40800000000000E+0003	 1.06354543174943E+0004
 1.40900000000000E+0003	 1.06509302780496E+0004
 1.41000000000000E+0003	 1.06667915995451E+0004
 1.41100000000000E+0003	 1.06830386273188E+0004
 1.41200000000000E+0003	 1.07000654911396E+0004
 1.41300000000000E+0003	 1.07185246625076E+0004
 1.41400000000000E+0003	 1.07384270727426E+0004
 1.41500000000000E+0003	 1.07597738959900E+0004
 1.41600000000000E+0003	 1.07825663798851E+0004
 1.41700000000000E+0003	 1.08068057255562E+0004
 1.41800000000000E+0003	 1.08324931261873E+0004
 1.41900000000000E+0003	 1.08600229147362E+0004
 1.42000000000000E+0003	 1.08900989648751E+0004
 1.42100000000000E+0003	 1.09227372602055E+0004
 1.42200000000000E+0003	 1.09578946696662E+0004
 1.42300000000000E+0003	 1.09949490199393E+0004
 1.42400000000000E+0003	 1.10337034198107E+0004
 1.42500000000000E+0003	 1.10741593770613E+0004
 1.42600000000000E+0003	 1.11146683957539E+0004
 1.42700000000000E+0003	 1.11518490348507E+0004
 1.42800000000000E+0003	 1.11855977269700E+0004
 1.42900000000000E+0003	 1.12159600510640E+0004
 1.43000000000000E+0003	 1.12438255629112E+0004
 1.43100000000000E+0003	 1.12695264747226E+0004
 1.43200000000000E+0003	 1.12930608865176E+0004
 1.43300000000000E+0003	 1.13145235928842E+0004
 1.43400000000000E+0003	 1.13341533136132E+0004
 1.43500000000000E+0003	 1.13519597870800E+0004
 1.43600000000000E+0003	 1.13679414055359E+0004
 1.43700000000000E+0003	 1.13820965783315E+0004
 1.43800000000000E+0003	 1.13944237047732E+0004
 1.43900000000000E+0003	 1.14049212025088E+0004
 1.44000000000000E+0003	 1.14138629746503E+0004
 1.44100000000000E+0003	 1.14221334782902E+0004
 1.44200000000000E+0003	 1.14297990724783E+0004
 1.44300000000000E+0003	 1.14368592528773E+0004
 1.44400000000000E+0003	 1.14433135361314E+0004
 1.44500000000000E+0003	 1.14491614011342E+0004
 1.44600000000000E+0003	 1.14544023230369E+0004
 1.44700000000000E+0003	 1.14590358149706E+0004
 1.44800000000000E+0003	 1.14630613658561E+0004
 1.44900000000000E+0003	 1.14664784534756E+0004
 1.45000000000000E+0003	 1.14694618210935E+0004
 1.45100000000000E+0003	 1.14724605585293E+0004
 1.45200000000000E+0003	 1.14754972613737E+0004
 1.45300000000000E+0003	 1.14785719434167E+0004
 1.45400000000000E+0003	 1.14816846621071E+0004
 1.45500000000000E+0003	 1.14848354499868E+0004
 1.45600000000000E+0003	 1.14880243697675E+0004
 1.45700000000000E+0003	 1.14912514190465E+0004
 1.45800000000000E+0003	 1.14945166065751E+0004
 1.45900000000000E+0003	 1.14978200075186E+0004
 1.46000000000000E+0003	 1.15011616406897E+0004
 1.46100000000000E+0003	 1.15045388220055E+0004
 1.46200000000000E+0003	 1.15079176862071E+0004
 1.46300000000000E+0003	 1.15112880311366E+0004
 1.46400000000000E+0003	 1.15146498544381E+0004
 1.46500000000000E+0003	 1.15180031445964E+0004
 1.46600000000000E+0003	 1.15213478605624E+0004
 1.46700000000000E+0003	 1.15246840229925E+0004
 1.46800000000000E+0003	 1.15280116513162E+0004
 1.46900000000000E+0003	 1.15313307489129E+0004
 1.47000000000000E+0003	 1.15346412719911E+0004
 1.47100000000000E+0003	 1.15379432187828E+0004
 1.47200000000000E+0003	 1.15412366003951E+0004
 1.47300000000000E+0003	 1.15445213964728E+0004
 1.47400000000000E+0003	 1.15477975913530E+0004
 1.47500000000000E+0003	 1.15510651703596E+0004
 1.47600000000000E+0003	 1.15543241151810E+0004
 1.47700000000000E+0003	 1.15575744258562E+0004
 1.47800000000000E+0003	 1.15608160945076E+0004
 1.47900000000000E+0003	 1.15640491012600E+0004
 1.48000000000000E+0003	 1.15672734468871E+0004
 1.48100000000000E+0003	 1.15704891233875E+0004
 1.48200000000000E+0003	 1.15736961466426E+0004
 1.48300000000000E+0003	 1.15769563590557E+0004
 1.48400000000000E+0003	 1.15803762096779E+0004
 1.48500000000000E+0003	 1.15839576750043E+0004
 1.48600000000000E+0003	 1.15877008902398E+0004
 1.48700000000000E+0003	 1.15916060171731E+0004
 1.48800000000000E+0003	 1.15956731701742E+0004
 1.48900000000000E+0003	 1.15999024744150E+0004
 1.49000000000000E+0003	 1.16042940864056E+0004
 1.49100000000000E+0003	 1.16088481379637E+0004
 1.49200000000000E+0003	 1.16135647542155E+0004
 1.49300000000000E+0003	 1.16184440686383E+0004
 1.49400000000000E+0003	 1.16234862211963E+0004
 1.49500000000000E+0003	 1.16286913633059E+0004
 1.49600000000000E+0003	 1.16340596162155E+0004
 1.49700000000000E+0003	 1.16395911230594E+0004
 1.49800000000000E+0003	 1.16452860010536E+0004
 1.49900000000000E+0003	 1.16511444190451E+0004
 1.50000000000000E+0003	 1.16571664723935E+0004
 1.50100000000000E+0003	 1.16633522810081E+0004
 1.50200000000000E+0003	 1.16697020275157E+0004
 1.50300000000000E+0003	 1.16762158350720E+0004
 1.50400000000000E+0003	 1.16828889771199E+0004
 1.50500000000000E+0003	 1.16895710854667E+0004
 1.50600000000000E+0003	 1.16961908771885E+0004
 1.50700000000000E+0003	 1.17027483071619E+0004
 1.50800000000000E+0003	 1.17092433144097E+0004
 1.50900000000000E+0003	 1.17156758181430E+0004
 1.51000000000000E+0003	 1.17220457916822E+0004
 1.51100000000000E+0003	 1.17283532092715E+0004
 1.51200000000000E+0003	 1.17345980342390E+0004
 1.51300000000000E+0003	 1.17407801666354E+0004
 1.51400000000000E+0003	 1.17468995669855E+0004
 1.51500000000000E+0003	 1.17529562000990E+0004
 1.51600000000000E+0003	 1.17589499468425E+0004
 1.51700000000000E+0003	 1.17648806985161E+0004
 1.51800000000000E+0003	 1.17707483971766E+0004
 1.51900000000000E+0003	 1.17765529800115E+0004
 1.52000000000000E+0003	 1.17822944055496E+0004
 1.52100000000000E+0003	 1.17879726222292E+0004
 1.52200000000000E+0003	 1.17935875700594E+0004
 1.52300000000000E+0003	 1.17991392061268E+0004
 1.52400000000000E+0003	 1.18046274788779E+0004
 1.52500000000000E+0003	 1.18100523599903E+0004
 1.52600000000000E+0003	 1.18154445591329E+0004
 1.52700000000000E+0003	 1.18210835584877E+0004
 1.52800000000000E+0003	 1.18270366056447E+0004
 1.52900000000000E+0003	 1.18333039519916E+0004
 1.53000000000000E+0003	 1.18398858804872E+0004
 1.53100000000000E+0003	 1.18467826173636E+0004
 1.53200000000000E+0003	 1.18539944116336E+0004
 1.53300000000000E+0003	 1.18615215370748E+0004
 1.53400000000000E+0003	 1.18693642425466E+0004
 1.53500000000000E+0003	 1.18775227731984E+0004
 1.53600000000000E+0003	 1.18859973433387E+0004
 1.53700000000000E+0003	 1.18947881707620E+0004
 1.53800000000000E+0003	 1.19038955184523E+0004
 1.53900000000000E+0003	 1.19133196239250E+0004
 1.54000000000000E+0003	 1.19230607621731E+0004
 1.54100000000000E+0003	 1.19331191857378E+0004
 1.54200000000000E+0003	 1.19434951816444E+0004
 1.54300000000000E+0003	 1.19541889566107E+0004
 1.54400000000000E+0003	 1.19652007527684E+0004
 1.54500000000000E+0003	 1.19765308692325E+0004
 1.54600000000000E+0003	 1.19881795418551E+0004
 1.54700000000000E+0003	 1.20001470164937E+0004
 1.54800000000000E+0003	 1.20123782206069E+0004
 1.54900000000000E+0003	 1.20244521326549E+0004
 1.55000000000000E+0003	 1.20362810988528E+0004
 1.55100000000000E+0003	 1.20478649113187E+0004
 1.55200000000000E+0003	 1.20592033497838E+0004
 1.55300000000000E+0003	 1.20702962416795E+0004
 1.55400000000000E+0003	 1.20811434175257E+0004
 1.55500000000000E+0003	 1.20917447003461E+0004
 1.55600000000000E+0003	 1.21020998634594E+0004
 1.55700000000000E+0003	 1.21122087513319E+0004
 1.55800000000000E+0003	 1.21220711816870E+0004
 1.55900000000000E+0003	 1.21316869362231E+0004
 1.56000000000000E+0003	 1.21410558090787E+0004
 1.56100000000000E+0003	 1.21501775931180E+0004
 1.56200000000000E+0003	 1.21590520749395E+0004
 1.56300000000000E+0003	 1.21676790645749E+0004
 1.56400000000000E+0003	 1.21760583588707E+0004
 1.56500000000000E+0003	 1.21841897483966E+0004
 1.56600000000000E+0003	 1.21920730389592E+0004
 1.56700000000000E+0003	 1.21997080293619E+0004
 1.56800000000000E+0003	 1.22070945394216E+0004
 1.56900000000000E+0003	 1.22142323496759E+0004
 1.57000000000000E+0003	 1.22211712089799E+0004
 1.57100000000000E+0003	 1.22285916466938E+0004
 1.57200000000000E+0003	 1.22367096992931E+0004
 1.57300000000000E+0003	 1.22455259664869E+0004
 1.57400000000000E+0003	 1.22550409849403E+0004
 1.57500000000000E+0003	 1.22652553222148E+0004
 1.57600000000000E+0003	 1.22761694284142E+0004
 1.57700000000000E+0003	 1.22877837008882E+0004
 1.57800000000000E+0003	 1.23000986658798E+0004
 1.57900000000000E+0003	 1.23131148565324E+0004
 1.58000000000000E+0003	 1.23268328149513E+0004
 1.58100000000000E+0003	 1.23412530884264E+0004
 1.58200000000000E+0003	 1.23563762045705E+0004
 1.58300000000000E+0003	 1.23722027255007E+0004
 1.58400000000000E+0003	 1.23887331917942E+0004
 1.58500000000000E+0003	 1.24058703610821E+0004
 1.58600000000000E+0003	 1.24230058492612E+0004
 1.58700000000000E+0003	 1.24400344435189E+0004
 1.58800000000000E+0003	 1.24569561070916E+0004
 1.58900000000000E+0003	 1.24737707370194E+0004
 1.59000000000000E+0003	 1.24904782442085E+0004
 1.59100000000000E+0003	 1.25070785463642E+0004
 1.59200000000000E+0003	 1.25235715502839E+0004
 1.59300000000000E+0003	 1.25399571819975E+0004
 1.59400000000000E+0003	 1.25562353445713E+0004
 1.59500000000000E+0003	 1.25724059345047E+0004
 1.59600000000000E+0003	 1.25884688906893E+0004
 1.59700000000000E+0003	 1.26044241421148E+0004
 1.59800000000000E+0003	 1.26202716086286E+0004
 1.59900000000000E+0003	 1.26360111500252E+0004
 1.60000000000000E+0003	 1.26517053648338E+0004
 1.60100000000000E+0003	 1.26676233899155E+0004
 1.60200000000000E+0003	 1.26837961644872E+0004
 1.60300000000000E+0003	 1.27002238798016E+0004
 1.60400000000000E+0003	 1.27169054683659E+0004
 1.60500000000000E+0003	 1.27337006512963E+0004
 1.60600000000000E+0003	 1.27505140985467E+0004
 1.60700000000000E+0003	 1.27673467731863E+0004
 1.60800000000000E+0003	 1.27842926136416E+0004
 1.60900000000000E+0003	 1.28014139589720E+0004
 1.61000000000000E+0003	 1.28187109456622E+0004
 1.61100000000000E+0003	 1.28361837301817E+0004
 1.61200000000000E+0003	 1.28538324321990E+0004
 1.61300000000000E+0003	 1.28716571860151E+0004
 1.61400000000000E+0003	 1.28896581393546E+0004
 1.61500000000000E+0003	 1.29078422912401E+0004
 1.61600000000000E+0003	 1.29262366797493E+0004
 1.61700000000000E+0003	 1.29448441481964E+0004
 1.61800000000000E+0003	 1.29636648545846E+0004
 1.61900000000000E+0003	 1.29826989743609E+0004
 1.62000000000000E+0003	 1.30019466636936E+0004
 1.62100000000000E+0003	 1.30214080779746E+0004
 1.62200000000000E+0003	 1.30410844480785E+0004
 1.62300000000000E+0003	 1.30610998456049E+0004
 1.62400000000000E+0003	 1.30815393210666E+0004
 1.62500000000000E+0003	 1.31024031933620E+0004
 1.62600000000000E+0003	 1.31236918130586E+0004
 1.62700000000000E+0003	 1.31454055095713E+0004
 1.62800000000000E+0003	 1.31675446500767E+0004
 1.62900000000000E+0003	 1.31901095115900E+0004
 1.63000000000000E+0003	 1.32131004209756E+0004
 1.63100000000000E+0003	 1.32365177544223E+0004
 1.63200000000000E+0003	 1.32603618204470E+0004
 1.63300000000000E+0003	 1.32846329450558E+0004
 1.63400000000000E+0003	 1.33093314604721E+0004
 1.63500000000000E+0003	 1.33344576880718E+0004
 1.63600000000000E+0003	 1.33600119702599E+0004
 1.63700000000000E+0003	 1.33859946660985E+0004
 1.63800000000000E+0003	 1.34124967311652E+0004
 1.63900000000000E+0003	 1.34396017145810E+0004
 1.64000000000000E+0003	 1.34673100876037E+0004
 1.64100000000000E+0003	 1.34956223316999E+0004
 1.64200000000000E+0003	 1.35245388611124E+0004
 1.64300000000000E+0003	 1.35540601640693E+0004
 1.64400000000000E+0003	 1.35841867295198E+0004
 1.64500000000000E+0003	 1.36149190047717E+0004
 1.64600000000000E+0003	 1.36462574565544E+0004
 1.64700000000000E+0003	 1.36782025496832E+0004
 1.64800000000000E+0003	 1.37107547418146E+0004
 1.64900000000000E+0003	 1.37439145162120E+0004
 1.65000000000000E+0003	 1.37776823437431E+0004
 1.65100000000000E+0003	 1.38120586910857E+0004
 1.65200000000000E+0003	 1.38470440394596E+0004
 1.65300000000000E+0003	 1.38825193451122E+0004
 1.65400000000000E+0003	 1.39182933357615E+0004
 1.65500000000000E+0003	 1.39543636974494E+0004
 1.65600000000000E+0003	 1.39907306595109E+0004
 1.65700000000000E+0003	 1.40273944649532E+0004
 1.65800000000000E+0003	 1.40643553402830E+0004
 1.65900000000000E+0003	 1.41016135510729E+0004
 1.66000000000000E+0003	 1.41392019034181E+0004
 1.66100000000000E+0003	 1.41777374412885E+0004
 1.66200000000000E+0003	 1.42174551863200E+0004
 1.66300000000000E+0003	 1.42583560449806E+0004
 1.66400000000000E+0003	 1.43004409254242E+0004
 1.66500000000000E+0003	 1.43437107420945E+0004
 1.66600000000000E+0003	 1.43881664201174E+0004
 1.66700000000000E+0003	 1.44338088871421E+0004
 1.66800000000000E+0003	 1.44805851365575E+0004
 1.66900000000000E+0003	 1.45283128774815E+0004
 1.67000000000000E+0003	 1.45769777460053E+0004
 1.67100000000000E+0003	 1.46265805094598E+0004
 1.67200000000000E+0003	 1.46771218410050E+0004
 1.67300000000000E+0003	 1.47286024711601E+0004
 1.67400000000000E+0003	 1.47810231759637E+0004
 1.67500000000000E+0003	 1.48343848517728E+0004
 1.67600000000000E+0003	 1.48892918080991E+0004
 1.67700000000000E+0003	 1.49463076467988E+0004
 1.67800000000000E+0003	 1.50054340013054E+0004
 1.67900000000000E+0003	 1.50666725284697E+0004
 1.68000000000000E+0003	 1.51300248582676E+0004
 1.68100000000000E+0003	 1.51954920888693E+0004
 1.68200000000000E+0003	 1.52630753012347E+0004
 1.68300000000000E+0003	 1.53328136676417E+0004
 1.68400000000000E+0003	 1.54051236384474E+0004
 1.68500000000000E+0003	 1.54801218251394E+0004
 1.68600000000000E+0003	 1.55578102556315E+0004
 1.68700000000000E+0003	 1.56381909688844E+0004
 1.68800000000000E+0003	 1.57212659614572E+0004
 1.68900000000000E+0003	 1.58070372509312E+0004
 1.69000000000000E+0003	 1.58955068533454E+0004
 1.69100000000000E+0003	 1.59862246272991E+0004
 1.69200000000000E+0003	 1.60778496560914E+0004
 1.69300000000000E+0003	 1.61702938159104E+0004
 1.69400000000000E+0003	 1.62635577160788E+0004
 1.69500000000000E+0003	 1.63576329615450E+0004
 1.69600000000000E+0003	 1.64509763974875E+0004
 1.69700000000000E+0003	 1.65424563229533E+0004
 1.69800000000000E+0003	 1.66320713013044E+0004
 1.69900000000000E+0003	 1.67192157266304E+0004
 1.70000000000000E+0003	 1.68032952379938E+0004
 1.70100000000000E+0003	 1.68843075211105E+0004
 1.70200000000000E+0003	 1.69622502989298E+0004
 1.70300000000000E+0003	 1.70371209887374E+0004
 1.70400000000000E+0003	 1.71089170792006E+0004
 1.70500000000000E+0003	 1.71776363040041E+0004
 1.70600000000000E+0003	 1.72433631143192E+0004
 1.70700000000000E+0003	 1.73074728654291E+0004
 1.70800000000000E+0003	 1.73704415227421E+0004
 1.70900000000000E+0003	 1.74322682445187E+0004
 1.71000000000000E+0003	 1.74929521885394E+0004
 1.71100000000000E+0003	 1.75524924885288E+0004
 1.71200000000000E+0003	 1.76108883210061E+0004
 1.71300000000000E+0003	 1.76681388351330E+0004
 1.71400000000000E+0003	 1.77243204207417E+0004
 1.71500000000000E+0003	 1.77797799890275E+0004
 1.71600000000000E+0003	 1.78345592137856E+0004
 1.71700000000000E+0003	 1.78886576312468E+0004
 1.71800000000000E+0003	 1.79420747084555E+0004
 1.71900000000000E+0003	 1.79948099330223E+0004
 1.72000000000000E+0003	 1.80468627938446E+0004
 1.72100000000000E+0003	 1.80982327714734E+0004
 1.72200000000000E+0003	 1.81493939034476E+0004
 1.72300000000000E+0003	 1.82012174903989E+0004
 1.72400000000000E+0003	 1.82537228260300E+0004
 1.72500000000000E+0003	 1.83069100085053E+0004
 1.72600000000000E+0003	 1.83607791351784E+0004
 1.72700000000000E+0003	 1.84153306988484E+0004
 1.72800000000000E+0003	 1.84705651393555E+0004
 1.72900000000000E+0003	 1.85264841503566E+0004
 1.73000000000000E+0003	 1.85833294371060E+0004
 1.73100000000000E+0003	 1.86412829352297E+0004
 1.73200000000000E+0003	 1.87003454390463E+0004
 1.73300000000000E+0003	 1.87605177333580E+0004
 1.73400000000000E+0003	 1.88218006042204E+0004
 1.73500000000000E+0003	 1.88841948624109E+0004
 1.73600000000000E+0003	 1.89477013030442E+0004
 1.73700000000000E+0003	 1.90122934665706E+0004
 1.73800000000000E+0003	 1.90775393589922E+0004
 1.73900000000000E+0003	 1.91432895459181E+0004
 1.74000000000000E+0003	 1.92095444084045E+0004
 1.74100000000000E+0003	 1.92763042906119E+0004
 1.74200000000000E+0003	 1.93435695544341E+0004
 1.74300000000000E+0003	 1.94113405775951E+0004
 1.74400000000000E+0003	 1.94796177203407E+0004
 1.74500000000000E+0003	 1.95483193017561E+0004
 1.74600000000000E+0003	 1.96169645557405E+0004
 1.74700000000000E+0003	 1.96854751569001E+0004
 1.74800000000000E+0003	 1.97538508903141E+0004
 1.74900000000000E+0003	 1.98220915140908E+0004
 1.75000000000000E+0003	 1.98901969229651E+0004
 1.75100000000000E+0003	 1.99581670143219E+0004
 1.75200000000000E+0003	 2.00260016984380E+0004
 1.75300000000000E+0003	 2.00940391144549E+0004
 1.75400000000000E+0003	 2.01632802752800E+0004
 1.75500000000000E+0003	 2.02337918666169E+0004
 1.75600000000000E+0003	 2.03055748058228E+0004
 1.75700000000000E+0003	 2.03786300430846E+0004
 1.75800000000000E+0003	 2.04529584304990E+0004
 1.75900000000000E+0003	 2.05285608838377E+0004
 1.76000000000000E+0003	 2.06054383594597E+0004
 1.76100000000000E+0003	 2.06835225733998E+0004
 1.76200000000000E+0003	 2.07627007032779E+0004
 1.76300000000000E+0003	 2.08429718744098E+0004
 1.76400000000000E+0003	 2.09243368613892E+0004
 1.76500000000000E+0003	 2.10067964598734E+0004
 1.76600000000000E+0003	 2.10903514368852E+0004
 1.76700000000000E+0003	 2.11750025645548E+0004
 1.76800000000000E+0003	 2.12607504561420E+0004
 1.76900000000000E+0003	 2.13470425909037E+0004
 1.77000000000000E+0003	 2.14333657918972E+0004
 1.77100000000000E+0003	 2.15197199477228E+0004
 1.77200000000000E+0003	 2.16061050083975E+0004
 1.77300000000000E+0003	 2.16925210163136E+0004
 1.77400000000000E+0003	 2.17789679714263E+0004
 1.77500000000000E+0003	 2.18654458954266E+0004
 1.77600000000000E+0003	 2.19519640845151E+0004
 1.77700000000000E+0003	 2.20390104784087E+0004
 1.77800000000000E+0003	 2.21268616394189E+0004
 1.77900000000000E+0003	 2.22155181437504E+0004
 1.78000000000000E+0003	 2.23049805639660E+0004
 1.78100000000000E+0003	 2.23952494860732E+0004
 1.78200000000000E+0003	 2.24863254915437E+0004
 1.78300000000000E+0003	 2.25782091785433E+0004
 1.78400000000000E+0003	 2.26709011090779E+0004
 1.78500000000000E+0003	 2.27644018628385E+0004
 1.78600000000000E+0003	 2.28587120353514E+0004
 1.78700000000000E+0003	 2.29538322050263E+0004
 1.78800000000000E+0003	 2.30497629898664E+0004
 1.78900000000000E+0003	 2.31465049293477E+0004
 1.79000000000000E+0003	 2.32440586147514E+0004
 1.79100000000000E+0003	 2.33424246467014E+0004
 1.79200000000000E+0003	 2.34416410753886E+0004
 1.79300000000000E+0003	 2.35421000573908E+0004
 1.79400000000000E+0003	 2.36439067586599E+0004
 1.79500000000000E+0003	 2.37470622643380E+0004
 1.79600000000000E+0003	 2.38515675588478E+0004
 1.79700000000000E+0003	 2.39574236077921E+0004
 1.79800000000000E+0003	 2.40646314131516E+0004
 1.79900000000000E+0003	 2.41731919667685E+0004
 1.80000000000000E+0003	 2.42831062910466E+0004
 1.80100000000000E+0003	 2.43943753097775E+0004
 1.80200000000000E+0003	 2.45070000140060E+0004
 1.80300000000000E+0003	 2.46209814336651E+0004
 1.80400000000000E+0003	 2.47363205310840E+0004
 1.80500000000000E+0003	 2.48530182916140E+0004
 1.80600000000000E+0003	 2.49710757030482E+0004
 1.80700000000000E+0003	 2.50904937464977E+0004
 1.80800000000000E+0003	 2.52112478078157E+0004
 1.80900000000000E+0003	 2.53331994956246E+0004
 1.81000000000000E+0003	 2.54563286844823E+0004
 1.81100000000000E+0003	 2.55806362523287E+0004
 1.81200000000000E+0003	 2.57061230985500E+0004
 1.81300000000000E+0003	 2.58327900861046E+0004
 1.81400000000000E+0003	 2.59606380294705E+0004
 1.81500000000000E+0003	 2.60896678053013E+0004
 1.81600000000000E+0003	 2.62198802985710E+0004
 1.81700000000000E+0003	 2.63512760437374E+0004
 1.81800000000000E+0003	 2.64838555899664E+0004
 1.81900000000000E+0003	 2.66176197809935E+0004
 1.82000000000000E+0003	 2.67525694633011E+0004
 1.82100000000000E+0003	 2.68887055056881E+0004
 1.82200000000000E+0003	 2.70260287622928E+0004
 1.82300000000000E+0003	 2.71645400880793E+0004
 1.82400000000000E+0003	 2.73045087887741E+0004
 1.82500000000000E+0003	 2.74470241163678E+0004
 1.82600000000000E+0003	 2.75922034047991E+0004
 1.82700000000000E+0003	 2.77400485663798E+0004
 1.82800000000000E+0003	 2.78905615325737E+0004
 1.82900000000000E+0003	 2.80437442518375E+0004
 1.83000000000000E+0003	 2.81995986571856E+0004
 1.83100000000000E+0003	 2.83581267230932E+0004
 1.83200000000000E+0003	 2.85193303456207E+0004
 1.83300000000000E+0003	 2.86832114758136E+0004
 1.83400000000000E+0003	 2.88497720722044E+0004
 1.83500000000000E+0003	 2.90190140731614E+0004
 1.83600000000000E+0003	 2.91909394205248E+0004
 1.83700000000000E+0003	 2.93655500606612E+0004
 1.83800000000000E+0003	 2.95428479544999E+0004
 1.83900000000000E+0003	 2.97228350629644E+0004
 1.84000000000000E+0003	 2.99055798908999E+0004
 1.84100000000000E+0003	 3.00913500612221E+0004
 1.84200000000000E+0003	 3.02801748357776E+0004
 1.84300000000000E+0003	 3.04720563783851E+0004
 1.84400000000000E+0003	 3.06669967569204E+0004
 1.84500000000000E+0003	 3.08649980945074E+0004
 1.84600000000000E+0003	 3.10660625719686E+0004
 1.84700000000000E+0003	 3.12701923010556E+0004
 1.84800000000000E+0003	 3.14773894204215E+0004
 1.84900000000000E+0003	 3.16876560677963E+0004
 1.85000000000000E+0003	 3.19009943748769E+0004
 1.85100000000000E+0003	 3.21174064964046E+0004
 1.85200000000000E+0003	 3.23368945585439E+0004
 1.85300000000000E+0003	 3.25594606960857E+0004
 1.85400000000000E+0003	 3.27851070777334E+0004
 1.85500000000000E+0003	 3.30138358957108E+0004
 1.85600000000000E+0003	 3.32454332866621E+0004
 1.85700000000000E+0003	 3.34788452137990E+0004
 1.85800000000000E+0003	 3.37139317269272E+0004
 1.85900000000000E+0003	 3.39506940221334E+0004
 1.86000000000000E+0003	 3.41891332482008E+0004
 1.86100000000000E+0003	 3.44292505807776E+0004
 1.86200000000000E+0003	 3.46710471837917E+0004
 1.86300000000000E+0003	 3.49145242243510E+0004
 1.86400000000000E+0003	 3.51597107869212E+0004
 1.86500000000000E+0003	 3.54067896522157E+0004
 1.86600000000000E+0003	 3.56557932256410E+0004
 1.86700000000000E+0003	 3.59067227977230E+0004
 1.86800000000000E+0003	 3.61595796502450E+0004
 1.86900000000000E+0003	 3.64143650634951E+0004
 1.87000000000000E+0003	 3.66710802843737E+0004
 1.87100000000000E+0003	 3.69297266314923E+0004
 1.87200000000000E+0003	 3.71904707026792E+0004
 1.87300000000000E+0003	 3.74546953406081E+0004
 1.87400000000000E+0003	 3.77227132013047E+0004
 1.87500000000000E+0003	 3.79945267688556E+0004
 1.87600000000000E+0003	 3.82701385821912E+0004
 1.87700000000000E+0003	 3.85495511884162E+0004
 1.87800000000000E+0003	 3.88327671150107E+0004
 1.87900000000000E+0003	 3.91197888931543E+0004
 1.88000000000000E+0003	 3.94106666121837E+0004
 1.88100000000000E+0003	 3.97060328126851E+0004
 1.88200000000000E+0003	 4.00060866660871E+0004
 1.88300000000000E+0003	 4.03108312894012E+0004
 1.88400000000000E+0003	 4.06202698470418E+0004
 1.88500000000000E+0003	 4.09344054885581E+0004
 1.88600000000000E+0003	 4.12532413960229E+0004
 1.88700000000000E+0003	 4.15767806551065E+0004
 1.88800000000000E+0003	 4.19050619592779E+0004
 1.88900000000000E+0003	 4.22390697260817E+0004
 1.89000000000000E+0003	 4.25792522506461E+0004
 1.89100000000000E+0003	 4.29256138459030E+0004
 1.89200000000000E+0003	 4.32781588264825E+0004
 1.89300000000000E+0003	 4.36368915031023E+0004
 1.89400000000000E+0003	 4.40018161928252E+0004
 1.89500000000000E+0003	 4.43729372321709E+0004
 1.89600000000000E+0003	 4.47502753909627E+0004
 1.89700000000000E+0003	 4.51360155873651E+0004
 1.89800000000000E+0003	 4.55316936649080E+0004
 1.89900000000000E+0003	 4.59373165845877E+0004
 1.90000000000000E+0003	 4.63528912518409E+0004
 1.90100000000000E+0003	 4.67784246625041E+0004
 1.90200000000000E+0003	 4.72139238210923E+0004
 1.90300000000000E+0003	 4.76593956915178E+0004
 1.90400000000000E+0003	 4.81148472699367E+0004
 1.90500000000000E+0003	 4.85799692103230E+0004
 1.90600000000000E+0003	 4.90543829199220E+0004
 1.90700000000000E+0003	 4.95380939956181E+0004
 1.90800000000000E+0003	 5.00311089696874E+0004
 1.90900000000000E+0003	 5.05334343752704E+0004
 1.91000000000000E+0003	 5.10450767674959E+0004
 1.91100000000000E+0003	 5.15660426982472E+0004
 1.91200000000000E+0003	 5.20963387241195E+0004
 1.91300000000000E+0003	 5.26377905158041E+0004
 1.91400000000000E+0003	 5.31943343394187E+0004
 1.91500000000000E+0003	 5.37661139945446E+0004
 1.91600000000000E+0003	 5.43531396625716E+0004
 1.91700000000000E+0003	 5.49554215740298E+0004
 1.91800000000000E+0003	 5.55729698482522E+0004
 1.91900000000000E+0003	 5.62057947653535E+0004
 1.92000000000000E+0003	 5.68539065548538E+0004
 1.92100000000000E+0003	 5.75183488764263E+0004
 1.92200000000000E+0003	 5.82032622629293E+0004
 1.92300000000000E+0003	 5.89090903021694E+0004
 1.92400000000000E+0003	 5.96358470017858E+0004
 1.92500000000000E+0003	 6.03835464137761E+0004
 1.92600000000000E+0003	 6.11522025688967E+0004
 1.92700000000000E+0003	 6.19418295564681E+0004
 1.92800000000000E+0003	 6.27524414615954E+0004
 1.92900000000000E+0003	 6.35835471579222E+0004
 1.93000000000000E+0003	 6.44307195697388E+0004
 1.93100000000000E+0003	 6.52929311393738E+0004
 1.93200000000000E+0003	 6.61701920439349E+0004
 1.93300000000000E+0003	 6.70625123687571E+0004
 1.93400000000000E+0003	 6.79699022434020E+0004
 1.93500000000000E+0003	 6.88923718052836E+0004
 1.93600000000000E+0003	 6.98299311935665E+0004
 1.93700000000000E+0003	 7.07823931040850E+0004
 1.93800000000000E+0003	 7.17430054269201E+0004
 1.93900000000000E+0003	 7.27084488357619E+0004
 1.94000000000000E+0003	 7.36787266053195E+0004
 1.94100000000000E+0003	 7.46538420324040E+0004
 1.94200000000000E+0003	 7.56337983835653E+0004
 1.94300000000000E+0003	 7.66185987802128E+0004
 1.94400000000000E+0003	 7.76082465866827E+0004
 1.94500000000000E+0003	 7.86027451094170E+0004
 1.94600000000000E+0003	 7.95960054474679E+0004
 1.94700000000000E+0003	 8.05810136625373E+0004
 1.94800000000000E+0003	 8.15577556652842E+0004
 1.94900000000000E+0003	 8.25262258765147E+0004
 1.95000000000000E+0003	 8.34864186901714E+0004
 1.95100000000000E+0003	 8.44383285086436E+0004
 1.95200000000000E+0003	 8.53819497226186E+0004
 1.95300000000000E+0003	 8.63172767324726E+0004
 1.95400000000000E+0003	 8.72436744013443E+0004
 1.95500000000000E+0003	 8.81594028304366E+0004
 1.95600000000000E+0003	 8.90643546415604E+0004
 1.95700000000000E+0003	 8.99585225851128E+0004
 1.95800000000000E+0003	 9.08418993671730E+0004
 1.95900000000000E+0003	 9.17144776643816E+0004
 1.96000000000000E+0003	 9.25762501843432E+0004
 1.96100000000000E+0003	 9.34272095084038E+0004
 1.96200000000000E+0003	 9.42682666144228E+0004
 1.96300000000000E+0003	 9.51062489192973E+0004
 1.96400000000000E+0003	 9.59425431416890E+0004
 1.96500000000000E+0003	 9.67771481765942E+0004
 1.96600000000000E+0003	 9.76100629204521E+0004
 1.96700000000000E+0003	 9.84412862625743E+0004
 1.96800000000000E+0003	 9.92708170666287E+0004
 1.96900000000000E+0003	 1.00098654235794E+0005
 1.97000000000000E+0003	 1.00924864318048E+0005
 1.97100000000000E+0003	 1.01752685367168E+0005
 1.97200000000000E+0003	 1.02583484630899E+0005
 1.97300000000000E+0003	 1.03414799572978E+0005
 1.97400000000000E+0003	 1.04246226221682E+0005
 1.97500000000000E+0003	 1.05077764719367E+0005
 1.97600000000000E+0003	 1.05909415107172E+0005
 1.97700000000000E+0003	 1.06741177458438E+0005
 1.97800000000000E+0003	 1.07573051845748E+0005
 1.97900000000000E+0003	 1.08405899388295E+0005
 1.98000000000000E+0003	 1.09241160674360E+0005
 1.98100000000000E+0003	 1.10078859781883E+0005
 1.98200000000000E+0003	 1.10918998294667E+0005
 1.98300000000000E+0003	 1.11761577827360E+0005
 1.98400000000000E+0003	 1.12606600011933E+0005
 1.98500000000000E+0003	 1.13454066452819E+0005
 1.98600000000000E+0003	 1.14303978604782E+0005
 1.98700000000000E+0003	 1.15156380758915E+0005
 1.98800000000000E+0003	 1.16011492482857E+0005
 1.98900000000000E+0003	 1.16869345133585E+0005
 1.99000000000000E+0003	 1.17729939416692E+0005
 1.99100000000000E+0003	 1.18593277103694E+0005
 1.99200000000000E+0003	 1.19459359987354E+0005
 1.99300000000000E+0003	 1.20328189733391E+0005
 1.99400000000000E+0003	 1.21199768215002E+0005
 1.99500000000000E+0003	 1.22073991610968E+0005
 1.99600000000000E+0003	 1.22947498218390E+0005
 1.99700000000000E+0003	 1.23818678355155E+0005
 1.99800000000000E+0003	 1.24687530505667E+0005
 1.99900000000000E+0003	 1.25554053091539E+0005
 2.00000000000000E+0003	 1.26418244646481E+0005
 2.00100000000000E+0003	 1.27280103669212E+0005
 2.00200000000000E+0003	 1.28139628633420E+0005
 2.00300000000000E+0003	 1.28996818048822E+0005
 2.00400000000000E+0003	 1.29849841301483E+0005
 2.00500000000000E+0003	 1.30695506596267E+0005
 2.00600000000000E+0003	 1.31533751201536E+0005
 2.00700000000000E+0003	 1.32364570287385E+0005
 2.00800000000000E+0003	 1.33187958993249E+0005
 2.00900000000000E+0003	 1.34003912453447E+0005
 2.01000000000000E+0003	 1.34812425791553E+0005
 2.01100000000000E+0003	 1.35613494103770E+0005
 2.01200000000000E+0003	 1.36407005378869E+0005
 2.01300000000000E+0003	 1.37192248689139E+0005
 2.01400000000000E+0003	 1.37969089744740E+0005
 2.01500000000000E+0003	 1.38737522590177E+0005
 2.01600000000000E+0003	 1.39497541146271E+0005
 2.01700000000000E+0003	 1.40249139930657E+0005
 2.01800000000000E+0003	 1.40992313512138E+0005
 2.01900000000000E+0003	 1.41727056334637E+0005
 2.02000000000000E+0003	 1.42453362365638E+0005
 2.02100000000000E+0003	 1.43171144761077E+0005
 2.02200000000000E+0003	 1.43880339417459E+0005
 2.02300000000000E+0003	 1.44580940656385E+0005
 2.02400000000000E+0003	 1.45272942894257E+0005
 2.02500000000000E+0003	 1.45956340490107E+0005
 2.02600000000000E+0003	 1.46631127827834E+0005
 2.02700000000000E+0003	 1.47297299298515E+0005
 2.02800000000000E+0003	 1.47954849264517E+0005
 2.02900000000000E+0003	 1.48608318689608E+0005
 2.03000000000000E+0003	 1.49255427595350E+0005
 2.03100000000000E+0003	 1.49887921676540E+0005
 2.03200000000000E+0003	 1.50505791308568E+0005
 2.03300000000000E+0003	 1.51109026894755E+0005
 2.03400000000000E+0003	 1.51697618812007E+0005
 2.03500000000000E+0003	 1.52271557446106E+0005
 2.03600000000000E+0003	 1.52830833048257E+0005
 2.03700000000000E+0003	 1.53375621196105E+0005
 2.03800000000000E+0003	 1.53909842693760E+0005
 2.03900000000000E+0003	 1.54435071935458E+0005
 2.04000000000000E+0003	 1.54951303002777E+0005
 2.04100000000000E+0003	 1.55458528838901E+0005
 2.04200000000000E+0003	 1.55956742378449E+0005
 2.04300000000000E+0003	 1.56445937815580E+0005
 2.04400000000000E+0003	 1.56926109308693E+0005
 2.04500000000000E+0003	 1.57397250976811E+0005
 2.04600000000000E+0003	 1.57859159582159E+0005
 2.04700000000000E+0003	 1.58311438131955E+0005
 2.04800000000000E+0003	 1.58754069823916E+0005
 2.04900000000000E+0003	 1.59187048353344E+0005
 2.05000000000000E+0003	 1.59610367451134E+0005
 2.05100000000000E+0003	 1.60024020818845E+0005
 2.05200000000000E+0003	 1.60428002150769E+0005
 2.05300000000000E+0003	 1.60822305129162E+0005
 2.05400000000000E+0003	 1.61207026335131E+0005
 2.05500000000000E+0003	 1.61583369554729E+0005
 2.05600000000000E+0003	 1.61951678425928E+0005
 2.05700000000000E+0003	 1.62311947712539E+0005
 2.05800000000000E+0003	 1.62664172191991E+0005
 2.05900000000000E+0003	 1.63008346529481E+0005
 2.06000000000000E+0003	 1.63344465477616E+0005
 2.06100000000000E+0003	 1.63672523841416E+0005
 2.06200000000000E+0003	 1.63992516304147E+0005
 2.06300000000000E+0003	 1.64305524349465E+0005
 2.06400000000000E+0003	 1.64613273918525E+0005
 2.06500000000000E+0003	 1.64915783756392E+0005
 2.06600000000000E+0003	 1.65213050375926E+0005
 2.06700000000000E+0003	 1.65505068612448E+0005
 2.06800000000000E+0003	 1.65791833343154E+0005
 2.06900000000000E+0003	 1.66073341274769E+0005
 2.07000000000000E+0003	 1.66349589120743E+0005
 2.07100000000000E+0003	 1.66620533892521E+0005
 2.07200000000000E+0003	 1.66885767879770E+0005
 2.07300000000000E+0003	 1.67145181915669E+0005
 2.07400000000000E+0003	 1.67398772367023E+0005
 2.07500000000000E+0003	 1.67646535522562E+0005
 2.07600000000000E+0003	 1.67888467702180E+0005
 2.07700000000000E+0003	 1.68124565206599E+0005
 2.07800000000000E+0003	 1.68354824350661E+0005
 2.07900000000000E+0003	 1.68579241325134E+0005
 2.08000000000000E+0003	 1.68798826508201E+0005
 2.08100000000000E+0003	 1.69015237460092E+0005
 2.08200000000000E+0003	 1.69228496063509E+0005
 2.08300000000000E+0003	 1.69438600319988E+0005
 2.08400000000000E+0003	 1.69645548212608E+0005
 2.08500000000000E+0003	 1.69849337692699E+0005
 2.08600000000000E+0003	 1.70049966809218E+0005
 2.08700000000000E+0003	 1.70247433578606E+0005
 2.08800000000000E+0003	 1.70441750218669E+0005
 2.08900000000000E+0003	 1.70633096207880E+0005
 2.09000000000000E+0003	 1.70821524734386E+0005
 2.09100000000000E+0003	 1.71007033991767E+0005
 2.09200000000000E+0003	 1.71189622106951E+0005
 2.09300000000000E+0003	 1.71369287237949E+0005
 2.09400000000000E+0003	 1.71546026968864E+0005
 2.09500000000000E+0003	 1.71719838907244E+0005
 2.09600000000000E+0003	 1.71890721214522E+0005
 2.09700000000000E+0003	 1.72059044358069E+0005
 2.09800000000000E+0003	 1.72225604309214E+0005
 2.09900000000000E+0003	 1.72390426681255E+0005
 2.10000000000000E+0003	 1.72553510399387E+0005
 2.10100000000000E+0003	 1.72714854407774E+0005
 2.10200000000000E+0003	 1.72874457543284E+0005
 2.10300000000000E+0003	 1.73032318725344E+0005
 2.10400000000000E+0003	 1.73188436935067E+0005
 2.10500000000000E+0003	 1.73342809067402E+0005
 2.10600000000000E+0003	 1.73495381031007E+0005
 2.10700000000000E+0003	 1.73646128011913E+0005
 2.10800000000000E+0003	 1.73795048861233E+0005
 2.10900000000000E+0003	 1.73942142380261E+0005
 2.11000000000000E+0003	 1.74087407453030E+0005
 2.11100000000000E+0003	 1.74230842927327E+0005
 2.11200000000000E+0003	 1.74372447682933E+0005
 2.11300000000000E+0003	 1.74512220601684E+0005
 2.11400000000000E+0003	 1.74650431966688E+0005
 2.11500000000000E+0003	 1.74788045606804E+0005
 2.11600000000000E+0003	 1.74925146424310E+0005
 2.11700000000000E+0003	 1.75061734145706E+0005
 2.11800000000000E+0003	 1.75197808422344E+0005
 2.11900000000000E+0003	 1.75333368935854E+0005
 2.12000000000000E+0003	 1.75468415353716E+0005
 2.12100000000000E+0003	 1.75602946767616E+0005
 2.12200000000000E+0003	 1.75736963212015E+0005
 2.12300000000000E+0003	 1.75871139037564E+0005
 2.12400000000000E+0003	 1.76006049714987E+0005
 2.12500000000000E+0003	 1.76141695719965E+0005
 2.12600000000000E+0003	 1.76278077498498E+0005
 2.12700000000000E+0003	 1.76415195489438E+0005
 2.12800000000000E+0003	 1.76553050097403E+0005
 2.12900000000000E+0003	 1.76691641826727E+0005
 2.13000000000000E+0003	 1.76830971151172E+0005
 2.13100000000000E+0003	 1.76970952827611E+0005
 2.13200000000000E+0003	 1.77110874428013E+0005
 2.13300000000000E+0003	 1.77250576321558E+0005
 2.13400000000000E+0003	 1.77390058412245E+0005
 2.13500000000000E+0003	 1.77529320555785E+0005
 2.13600000000000E+0003	 1.77668362628947E+0005
 2.13700000000000E+0003	 1.77807184491313E+0005
 2.13800000000000E+0003	 1.77945785999350E+0005
 2.13900000000000E+0003	 1.78084167009553E+0005
 2.14000000000000E+0003	 1.78222624633349E+0005
 2.14100000000000E+0003	 1.78361797883505E+0005
 2.14200000000000E+0003	 1.78501708805631E+0005
 2.14300000000000E+0003	 1.78642357863981E+0005
 2.14400000000000E+0003	 1.78783745543672E+0005
 2.14500000000000E+0003	 1.78925872228722E+0005
 2.14600000000000E+0003	 1.79068738376033E+0005
 2.14700000000000E+0003	 1.79212344512152E+0005
 2.14800000000000E+0003	 1.79356692800068E+0005
 2.14900000000000E+0003	 1.79501901541142E+0005
 2.15000000000000E+0003	 1.79648042698578E+0005
 2.15100000000000E+0003	 1.79795116827604E+0005
 2.15200000000000E+0003	 1.79943124455552E+0005
 2.15300000000000E+0003	 1.80092066181705E+0005
 2.15400000000000E+0003	 1.80241942570183E+0005
 2.15500000000000E+0003	 1.80392754222867E+0005
 2.15600000000000E+0003	 1.80544501744051E+0005
 2.15700000000000E+0003	 1.80697185707967E+0005
 2.15800000000000E+0003	 1.80850806555645E+0005
 2.15900000000000E+0003	 1.81005364932538E+0005
 2.16000000000000E+0003	 1.81160861467359E+0005
 2.16100000000000E+0003	 1.81317293402763E+0005
 2.16200000000000E+0003	 1.81474657898406E+0005
 2.16300000000000E+0003	 1.81632955517987E+0005
 2.16400000000000E+0003	 1.81792186838243E+0005
 2.16500000000000E+0003	 1.81952352334723E+0005
 2.16600000000000E+0003	 1.82113452633959E+0005
 2.16700000000000E+0003	 1.82275488321889E+0005
 2.16800000000000E+0003	 1.82438460000112E+0005
 2.16900000000000E+0003	 1.82602368241011E+0005
 2.17000000000000E+0003	 1.82767213611780E+0005
 2.17100000000000E+0003	 1.82932996640319E+0005
 2.17200000000000E+0003	 1.83099717957028E+0005
 2.17300000000000E+0003	 1.83267378161443E+0005
 2.17400000000000E+0003	 1.83435979356997E+0005
 2.17500000000000E+0003	 1.83605866591212E+0005
 2.17600000000000E+0003	 1.83777303304940E+0005
 2.17700000000000E+0003	 1.83950290161857E+0005
 2.17800000000000E+0003	 1.84124827787949E+0005
 2.17900000000000E+0003	 1.84300917133671E+0005
 2.18000000000000E+0003	 1.84478559144360E+0005
 2.18100000000000E+0003	 1.84657754759862E+0005
 2.18200000000000E+0003	 1.84838504917242E+0005
 2.18300000000000E+0003	 1.85020810517106E+0005
 2.18400000000000E+0003	 1.85204672506590E+0005
 2.18500000000000E+0003	 1.85390091915518E+0005
 2.18600000000000E+0003	 1.85577069705313E+0005
 2.18700000000000E+0003	 1.85765606859366E+0005
 2.18800000000000E+0003	 1.85955704265510E+0005
 2.18900000000000E+0003	 1.86147362872983E+0005
 2.19000000000000E+0003	 1.86340583708142E+0005
 2.19100000000000E+0003	 1.86535367696608E+0005
 2.19200000000000E+0003	 1.86731999177348E+0005
 2.19300000000000E+0003	 1.86931611655351E+0005
 2.19400000000000E+0003	 1.87134324811995E+0005
 2.19500000000000E+0003	 1.87340140506592E+0005
 2.19600000000000E+0003	 1.87549060666729E+0005
 2.19700000000000E+0003	 1.87761087187521E+0005
 2.19800000000000E+0003	 1.87976222004748E+0005
 2.19900000000000E+0003	 1.88194467057044E+0005
 2.20000000000000E+0003	 1.88415824251617E+0005
 2.20100000000000E+0003	 1.88640295376394E+0005
 2.20200000000000E+0003	 1.88867882400301E+0005
 2.20300000000000E+0003	 1.89098587296306E+0005
 2.20400000000000E+0003	 1.89332411958981E+0005
 2.20500000000000E+0003	 1.89569357052252E+0005
 2.20600000000000E+0003	 1.89809423181534E+0005
 2.20700000000000E+0003	 1.90052612197569E+0005
 2.20800000000000E+0003	 1.90298925868339E+0005
 2.20900000000000E+0003	 1.90548369575364E+0005
 2.21000000000000E+0003	 1.90801668396787E+0005
 2.21100000000000E+0003	 1.91059370214114E+0005
 2.21200000000000E+0003	 1.91321477649809E+0005
 2.21300000000000E+0003	 1.91587993318289E+0005
 2.21400000000000E+0003	 1.91858919791133E+0005
 2.21500000000000E+0003	 1.92134259746833E+0005
 2.21600000000000E+0003	 1.92414015834390E+0005
 2.21700000000000E+0003	 1.92698190677647E+0005
 2.21800000000000E+0003	 1.92986786932383E+0005
 2.21900000000000E+0003	 1.93279807183151E+0005
 2.22000000000000E+0003	 1.93577254083578E+0005
 2.22100000000000E+0003	 1.93879130284303E+0005
 2.22200000000000E+0003	 1.94185438418112E+0005
 2.22300000000000E+0003	 1.94496181136577E+0005
 2.22400000000000E+0003	 1.94811361082399E+0005
 2.22500000000000E+0003	 1.95130980893272E+0005
 2.22600000000000E+0003	 1.95455043177727E+0005
 2.22700000000000E+0003	 1.95783722021457E+0005
 2.22800000000000E+0003	 1.96118183412332E+0005
 2.22900000000000E+0003	 1.96458648961648E+0005
 2.23000000000000E+0003	 1.96805122290426E+0005
 2.23100000000000E+0003	 1.97157606932230E+0005
 2.23200000000000E+0003	 1.97516106470871E+0005
 2.23300000000000E+0003	 1.97880624577577E+0005
 2.23400000000000E+0003	 1.98251163817168E+0005
 2.23500000000000E+0003	 1.98627726703890E+0005
 2.23600000000000E+0003	 1.99010316805374E+0005
 2.23700000000000E+0003	 1.99398937655492E+0005
 2.23800000000000E+0003	 1.99793592762801E+0005
 2.23900000000000E+0003	 2.00194285692873E+0005
 2.24000000000000E+0003	 2.00601019994714E+0005
 2.24100000000000E+0003	 2.01013799263373E+0005
 2.24200000000000E+0003	 2.01432627091823E+0005
 2.24300000000000E+0003	 2.01857507039821E+0005
 2.24400000000000E+0003	 2.02288442564991E+0005
 2.24500000000000E+0003	 2.02725084904438E+0005
 2.24600000000000E+0003	 2.03166700527467E+0005
 2.24700000000000E+0003	 2.03613269191637E+0005
 2.24800000000000E+0003	 2.04064793813698E+0005
 2.24900000000000E+0003	 2.04521277317113E+0005
 2.25000000000000E+0003	 2.04982722627037E+0005
 2.25100000000000E+0003	 2.05449132586249E+0005
 2.25200000000000E+0003	 2.05920510164712E+0005
 2.25300000000000E+0003	 2.06396858309891E+0005
 2.25400000000000E+0003	 2.06878179988816E+0005
 2.25500000000000E+0003	 2.07364478148757E+0005
 2.25600000000000E+0003	 2.07855755727357E+0005
 2.25700000000000E+0003	 2.08352015618414E+0005
 2.25800000000000E+0003	 2.08853260822313E+0005
 2.25900000000000E+0003	 2.09359494311383E+0005
 2.26000000000000E+0003	 2.09870719035440E+0005
 2.26100000000000E+0003	 2.10386937971647E+0005
 2.26200000000000E+0003	 2.10908158651289E+0005
 2.26300000000000E+0003	 2.11436259493342E+0005
 2.26400000000000E+0003	 2.11972779336169E+0005
 2.26500000000000E+0003	 2.12517723194908E+0005
 2.26600000000000E+0003	 2.13071096098148E+0005
 2.26700000000000E+0003	 2.13632903066043E+0005
 2.26800000000000E+0003	 2.14203149117273E+0005
 2.26900000000000E+0003	 2.14781839244565E+0005
 2.27000000000000E+0003	 2.15368978456799E+0005
 2.27100000000000E+0003	 2.15964571886500E+0005
 2.27200000000000E+0003	 2.16568624587519E+0005
 2.27300000000000E+0003	 2.17181141640795E+0005
 2.27400000000000E+0003	 2.17802128047442E+0005
 2.27500000000000E+0003	 2.18431588845205E+0005
 2.27600000000000E+0003	 2.19069529169438E+0005
 2.27700000000000E+0003	 2.19715954066671E+0005
 2.27800000000000E+0003	 2.20370868583313E+0005
 2.27900000000000E+0003	 2.21034277820546E+0005
 2.28000000000000E+0003	 2.21706279499877E+0005
 2.28100000000000E+0003	 2.22389108216116E+0005
 2.28200000000000E+0003	 2.23083720725150E+0005
 2.28300000000000E+0003	 2.23790124075254E+0005
 2.28400000000000E+0003	 2.24508325367991E+0005
 2.28500000000000E+0003	 2.25238331704278E+0005
 2.28600000000000E+0003	 2.25980150152058E+0005
 2.28700000000000E+0003	 2.26733787696427E+0005
 2.28800000000000E+0003	 2.27499251444652E+0005
 2.28900000000000E+0003	 2.28276548565099E+0005
 2.29000000000000E+0003	 2.29065686141706E+0005
 2.29100000000000E+0003	 2.29866671273923E+0005
 2.29200000000000E+0003	 2.30679506280195E+0005
 2.29300000000000E+0003	 2.31504193274902E+0005
 2.29400000000000E+0003	 2.32340739012939E+0005
 2.29500000000000E+0003	 2.33189150363479E+0005
 2.29600000000000E+0003	 2.34049434196191E+0005
 2.29700000000000E+0003	 2.34921597353913E+0005
 2.29800000000000E+0003	 2.35805768674686E+0005
 2.29900000000000E+0003	 2.36703373749354E+0005
 2.30000000000000E+0003	 2.37614826634713E+0005
 2.30100000000000E+0003	 2.38540135388751E+0005
 2.30200000000000E+0003	 2.39479308047424E+0005
 2.30300000000000E+0003	 2.40432352630663E+0005
 2.30400000000000E+0003	 2.41399277185446E+0005
 2.30500000000000E+0003	 2.42380089714080E+0005
 2.30600000000000E+0003	 2.43374798250223E+0005
 2.30700000000000E+0003	 2.44382838817716E+0005
 2.30800000000000E+0003	 2.45398530627473E+0005
 2.30900000000000E+0003	 2.46420417554099E+0005
 2.31000000000000E+0003	 2.47448503214683E+0005
 2.31100000000000E+0003	 2.48482791205910E+0005
 2.31200000000000E+0003	 2.49523285091370E+0005
 2.31300000000000E+0003	 2.50569988434203E+0005
 2.31400000000000E+0003	 2.51622904935067E+0005
 2.31500000000000E+0003	 2.52682038209626E+0005
 2.31600000000000E+0003	 2.53746245624060E+0005
 2.31700000000000E+0003	 2.54804873586817E+0005
 2.31800000000000E+0003	 2.55855316587132E+0005
 2.31900000000000E+0003	 2.56897569935230E+0005
 2.32000000000000E+0003	 2.57931628854956E+0005
 2.32100000000000E+0003	 2.58957488549089E+0005
 2.32200000000000E+0003	 2.59975142348019E+0005
 2.32300000000000E+0003	 2.60984583743207E+0005
 2.32400000000000E+0003	 2.61985807985762E+0005
 2.32500000000000E+0003	 2.62979852016869E+0005
 2.32600000000000E+0003	 2.63976534704570E+0005
 2.32700000000000E+0003	 2.64978282317439E+0005
 2.32800000000000E+0003	 2.65985097808966E+0005
 2.32900000000000E+0003	 2.66996984096737E+0005
 2.33000000000000E+0003	 2.68013944019641E+0005
 2.33100000000000E+0003	 2.69035980498188E+0005
 2.33200000000000E+0003	 2.70063096541072E+0005
 2.33300000000000E+0003	 2.71095295061721E+0005
 2.33400000000000E+0003	 2.72132673699303E+0005
 2.33500000000000E+0003	 2.73176225001942E+0005
 2.33600000000000E+0003	 2.74226215817199E+0005
 2.33700000000000E+0003	 2.75282649786136E+0005
 2.33800000000000E+0003	 2.76345530635794E+0005
 2.33900000000000E+0003	 2.77414862098577E+0005
 2.34000000000000E+0003	 2.78490647896835E+0005
 2.34100000000000E+0003	 2.79572891783557E+0005
 2.34200000000000E+0003	 2.80661597514145E+0005
 2.34300000000000E+0003	 2.81756768773910E+0005
 2.34400000000000E+0003	 2.82858409346763E+0005
 2.34500000000000E+0003	 2.83966522997861E+0005
 2.34600000000000E+0003	 2.85081113471401E+0005
 2.34700000000000E+0003	 2.86202184530606E+0005
 2.34800000000000E+0003	 2.87329739901914E+0005
 2.34900000000000E+0003	 2.88463783316962E+0005
 2.35000000000000E+0003	 2.89604318561858E+0005
 2.35100000000000E+0003	 2.90751349386477E+0005
 2.35200000000000E+0003	 2.91904901740095E+0005
 2.35300000000000E+0003	 2.93065468651393E+0005
 2.35400000000000E+0003	 2.94233236875790E+0005
 2.35500000000000E+0003	 2.95408210426374E+0005
 2.35600000000000E+0003	 2.96590393299266E+0005
 2.35700000000000E+0003	 2.97779789598229E+0005
 2.35800000000000E+0003	 2.98976403401335E+0005
 2.35900000000000E+0003	 3.00180238823906E+0005
 2.36000000000000E+0003	 3.01391299885070E+0005
 2.36100000000000E+0003	 3.02609590612485E+0005
 2.36200000000000E+0003	 3.03835115138427E+0005
 2.36300000000000E+0003	 3.05067877528274E+0005
 2.36400000000000E+0003	 3.06307881820876E+0005
 2.36500000000000E+0003	 3.07555132030466E+0005
 2.36600000000000E+0003	 3.08809632300423E+0005
 2.36700000000000E+0003	 3.10071386695244E+0005
 2.36800000000000E+0003	 3.11340399303599E+0005
 2.36900000000000E+0003	 3.12616674165913E+0005
 2.37000000000000E+0003	 3.13900180814751E+0005
 2.37100000000000E+0003	 3.15187772226636E+0005
 2.37200000000000E+0003	 3.16477399463751E+0005
 2.37300000000000E+0003	 3.17769063609332E+0005
 2.37400000000000E+0003	 3.19062765787388E+0005
 2.37500000000000E+0003	 3.20358507241350E+0005
 2.37600000000000E+0003	 3.21656289110235E+0005
 2.37700000000000E+0003	 3.22956112533094E+0005
 2.37800000000000E+0003	 3.24257978640557E+0005
 2.37900000000000E+0003	 3.25561888577567E+0005
 2.38000000000000E+0003	 3.26867258005966E+0005
 2.38100000000000E+0003	 3.28173518229932E+0005
 2.38200000000000E+0003	 3.29480669682022E+0005
 2.38300000000000E+0003	 3.30788709440480E+0005
 2.38400000000000E+0003	 3.32097634539631E+0005
 2.38500000000000E+0003	 3.33407445498077E+0005
 2.38600000000000E+0003	 3.34718142758905E+0005
 2.38700000000000E+0003	 3.36029726853559E+0005
 2.38800000000000E+0003	 3.37342198271474E+0005
 2.38900000000000E+0003	 3.38654208911745E+0005
 2.39000000000000E+0003	 3.39963648663885E+0005
 2.39100000000000E+0003	 3.41270490990247E+0005
 2.39200000000000E+0003	 3.42574734406400E+0005
 2.39300000000000E+0003	 3.43876377506910E+0005
 2.39400000000000E+0003	 3.45175418824889E+0005
 2.39500000000000E+0003	 3.46471856838878E+0005
 2.39600000000000E+0003	 3.47765690157901E+0005
 2.39700000000000E+0003	 3.49056917346013E+0005
 2.39800000000000E+0003	 3.50345536926690E+0005
 2.39900000000000E+0003	 3.51631547383244E+0005
 2.40000000000000E+0003	 3.52914947297330E+0005
 2.40100000000000E+0003	 3.54195735247190E+0005
 2.40200000000000E+0003	 3.55473909846737E+0005
 2.40300000000000E+0003	 3.56749469604618E+0005
 2.40400000000000E+0003	 3.58022413016814E+0005
 2.40500000000000E+0003	 3.59292738684531E+0005
 2.40600000000000E+0003	 3.60560445150479E+0005
 2.40700000000000E+0003	 3.61824188914109E+0005
 2.40800000000000E+0003	 3.63077923196468E+0005
 2.40900000000000E+0003	 3.64320908886789E+0005
 2.41000000000000E+0003	 3.65553139962459E+0005
 2.41100000000000E+0003	 3.66774610401906E+0005
 2.41200000000000E+0003	 3.67985314140513E+0005
 2.41300000000000E+0003	 3.69185245138076E+0005
 2.41400000000000E+0003	 3.70374398174879E+0005
 2.41500000000000E+0003	 3.71552767913924E+0005
 2.41600000000000E+0003	 3.72720348239796E+0005
 2.41700000000000E+0003	 3.73877133029935E+0005
 2.41800000000000E+0003	 3.75023116309459E+0005
 2.41900000000000E+0003	 3.76158291992216E+0005
 2.42000000000000E+0003	 3.77282653972261E+0005
 2.42100000000000E+0003	 3.78396196131661E+0005
 2.42200000000000E+0003	 3.79498912386885E+0005
 2.42300000000000E+0003	 3.80590796582836E+0005
 2.42400000000000E+0003	 3.81671842583842E+0005
 2.42500000000000E+0003	 3.82741959551517E+0005
 2.42600000000000E+0003	 3.83798346435769E+0005
 2.42700000000000E+0003	 3.84839640036626E+0005
 2.42800000000000E+0003	 3.85865831864552E+0005
 2.42900000000000E+0003	 3.86876913343418E+0005
 2.43000000000000E+0003	 3.87872875970063E+0005
 2.43100000000000E+0003	 3.88853711210889E+0005
 2.43200000000000E+0003	 3.89819410517595E+0005
 2.43300000000000E+0003	 3.90769965360448E+0005
 2.43400000000000E+0003	 3.91705367168790E+0005
 2.43500000000000E+0003	 3.92625607315696E+0005
 2.43600000000000E+0003	 3.93530677277040E+0005
 2.43700000000000E+0003	 3.94420568440313E+0005
 2.43800000000000E+0003	 3.95295272147148E+0005
 2.43900000000000E+0003	 3.96154779843475E+0005
 2.44000000000000E+0003	 3.96999082943200E+0005
 2.44100000000000E+0003	 3.97828172812523E+0005
 2.44200000000000E+0003	 3.98642040753865E+0005
 2.44300000000000E+0003	 3.99440678185149E+0005
 2.44400000000000E+0003	 4.00223034536161E+0005
 2.44500000000000E+0003	 4.00986581833556E+0005
 2.44600000000000E+0003	 4.01731193409109E+0005
 2.44700000000000E+0003	 4.02456858999390E+0005
 2.44800000000000E+0003	 4.03163568442487E+0005
 2.44900000000000E+0003	 4.03851311525167E+0005
 2.45000000000000E+0003	 4.04520077920016E+0005
 2.45100000000000E+0003	 4.05169857346102E+0005
 2.45200000000000E+0003	 4.05800639621847E+0005
 2.45300000000000E+0003	 4.06413003659920E+0005
 2.45400000000000E+0003	 4.07010405734990E+0005
 2.45500000000000E+0003	 4.07593404109289E+0005
 2.45600000000000E+0003	 4.08161990978030E+0005
 2.45700000000000E+0003	 4.08716158644066E+0005
 2.45800000000000E+0003	 4.09255899314140E+0005
 2.45900000000000E+0003	 4.09781205152146E+0005
 2.46000000000000E+0003	 4.10292068270745E+0005
 2.46100000000000E+0003	 4.10788480964313E+0005
 2.46200000000000E+0003	 4.11270573333897E+0005
 2.46300000000000E+0003	 4.11741632545524E+0005
 2.46400000000000E+0003	 4.12203052183920E+0005
 2.46500000000000E+0003	 4.12654827034845E+0005
 2.46600000000000E+0003	 4.13096951831449E+0005
 2.46700000000000E+0003	 4.13529421294958E+0005
 2.46800000000000E+0003	 4.13952230153436E+0005
 2.46900000000000E+0003	 4.14365373188469E+0005
 2.47000000000000E+0003	 4.14768845208108E+0005
 2.47100000000000E+0003	 4.15162640999907E+0005
 2.47200000000000E+0003	 4.15546755263556E+0005
 2.47300000000000E+0003	 4.15921182767074E+0005
 2.47400000000000E+0003	 4.16285918264768E+0005
 2.47500000000000E+0003	 4.16640956396429E+0005
 2.47600000000000E+0003	 4.16986291992861E+0005
 2.47700000000000E+0003	 4.17321919502309E+0005
 2.47800000000000E+0003	 4.17647833301152E+0005
 2.47900000000000E+0003	 4.17964028209857E+0005
 2.48000000000000E+0003	 4.18270498940606E+0005
 2.48100000000000E+0003	 4.18569373008001E+0005
 2.48200000000000E+0003	 4.18867916909583E+0005
 2.48300000000000E+0003	 4.19166733093500E+0005
 2.48400000000000E+0003	 4.19465821696860E+0005
 2.48500000000000E+0003	 4.19765182779350E+0005
 2.48600000000000E+0003	 4.20064816549467E+0005
 2.48700000000000E+0003	 4.20364723171204E+0005
 2.48800000000000E+0003	 4.20664902845650E+0005
 2.48900000000000E+0003	 4.20965355723937E+0005
 2.49000000000000E+0003	 4.21266081896899E+0005
 2.49100000000000E+0003	 4.21567081566018E+0005
 2.49200000000000E+0003	 4.21868354906870E+0005
 2.49300000000000E+0003	 4.22169901977970E+0005
 2.49400000000000E+0003	 4.22471722883748E+0005
 2.49500000000000E+0003	 4.22773817840727E+0005
 2.49600000000000E+0003	 4.23076187005972E+0005
 2.49700000000000E+0003	 4.23378830510880E+0005
 2.49800000000000E+0003	 4.23681748478562E+0005
 2.49900000000000E+0003	 4.23984941034720E+0005
 2.50000000000000E+0003	 4.24291463316666E+0005
 2.50100000000000E+0003	 4.24604409701687E+0005
 2.50200000000000E+0003	 4.24923783699832E+0005
 2.50300000000000E+0003	 4.25249588706128E+0005
 2.50400000000000E+0003	 4.25581828342394E+0005
 2.50500000000000E+0003	 4.25920506074392E+0005
 2.50600000000000E+0003	 4.26265625408395E+0005
 2.50700000000000E+0003	 4.26617189843414E+0005
 2.50800000000000E+0003	 4.26975202898658E+0005
 2.50900000000000E+0003	 4.27339666770614E+0005
 2.51000000000000E+0003	 4.27710583545592E+0005
 2.51100000000000E+0003	 4.28087956635362E+0005
 2.51200000000000E+0003	 4.28471789473929E+0005
 2.51300000000000E+0003	 4.28862085546733E+0005
 2.51400000000000E+0003	 4.29258848321057E+0005
 2.51500000000000E+0003	 4.29662081193449E+0005
 2.51600000000000E+0003	 4.30071787628021E+0005
 2.51700000000000E+0003	 4.30487971092122E+0005
 2.51800000000000E+0003	 4.30910582188315E+0005
 2.51900000000000E+0003	 4.31338628742000E+0005
 2.52000000000000E+0003	 4.31771735585516E+0005
 2.52100000000000E+0003	 4.32209905328702E+0005
 2.52200000000000E+0003	 4.32653140748356E+0005
 2.52300000000000E+0003	 4.33101444502502E+0005
 2.52400000000000E+0003	 4.33554819244068E+0005
 2.52500000000000E+0003	 4.34013267691837E+0005
 2.52600000000000E+0003	 4.34476792578148E+0005
 2.52700000000000E+0003	 4.34945396611090E+0005
 2.52800000000000E+0003	 4.35419082407723E+0005
 2.52900000000000E+0003	 4.35897852746610E+0005
 2.53000000000000E+0003	 4.36381710342255E+0005
 2.53100000000000E+0003	 4.36870657974866E+0005
 2.53200000000000E+0003	 4.37364698369147E+0005
 2.53300000000000E+0003	 4.37863834180183E+0005
 2.53400000000000E+0003	 4.38368068181762E+0005
 2.53500000000000E+0003	 4.38877403133580E+0005
 2.53600000000000E+0003	 4.39391841673809E+0005
 2.53700000000000E+0003	 4.39911512659843E+0005
 2.53800000000000E+0003	 4.40437257340555E+0005
 2.53900000000000E+0003	 4.40969233188523E+0005
 2.54000000000000E+0003	 4.41507443524260E+0005
 2.54100000000000E+0003	 4.42051891677871E+0005
 2.54200000000000E+0003	 4.42602579675520E+0005
 2.54300000000000E+0003	 4.43159509584301E+0005
 2.54400000000000E+0003	 4.43722684790892E+0005
 2.54500000000000E+0003	 4.44292108503423E+0005
 2.54600000000000E+0003	 4.44867783914031E+0005
 2.54700000000000E+0003	 4.45449714435775E+0005
 2.54800000000000E+0003	 4.46037903340696E+0005
 2.54900000000000E+0003	 4.46632353924024E+0005
 2.55000000000000E+0003	 4.47233069485022E+0005
 2.55100000000000E+0003	 4.47840053328857E+0005
 2.55200000000000E+0003	 4.48453308748660E+0005
 2.55300000000000E+0003	 4.49072838968471E+0005
 2.55400000000000E+0003	 4.49698647311370E+0005
 2.55500000000000E+0003	 4.50330737074168E+0005
 2.55600000000000E+0003	 4.50968994675399E+0005
 2.55700000000000E+0003	 4.51612957771431E+0005
 2.55800000000000E+0003	 4.52262581104406E+0005
 2.55900000000000E+0003	 4.52917867667116E+0005
 2.56000000000000E+0003	 4.53578820493973E+0005
 2.56100000000000E+0003	 4.54245442498036E+0005
 2.56200000000000E+0003	 4.54917736743157E+0005
 2.56300000000000E+0003	 4.55595706284787E+0005
 2.56400000000000E+0003	 4.56279354036272E+0005
 2.56500000000000E+0003	 4.56968683085501E+0005
 2.56600000000000E+0003	 4.57663696394608E+0005
 2.56700000000000E+0003	 4.58364396937877E+0005
 2.56800000000000E+0003	 4.59070787727444E+0005
 2.56900000000000E+0003	 4.59782871815482E+0005
 2.57000000000000E+0003	 4.60500652217019E+0005
 2.57100000000000E+0003	 4.61224131868523E+0005
 2.57200000000000E+0003	 4.61953313829928E+0005
 2.57300000000000E+0003	 4.62688201133765E+0005
 2.57400000000000E+0003	 4.63428796886859E+0005
 2.57500000000000E+0003	 4.64175693906812E+0005
 2.57600000000000E+0003	 4.64930770300302E+0005
 2.57700000000000E+0003	 4.65694169689042E+0005
 2.57800000000000E+0003	 4.66465896555655E+0005
 2.57900000000000E+0003	 4.67245955256589E+0005
 2.58000000000000E+0003	 4.68034350187493E+0005
 2.58100000000000E+0003	 4.68831085850134E+0005
 2.58200000000000E+0003	 4.69636166710839E+0005
 2.58300000000000E+0003	 4.70449597193806E+0005
 2.58400000000000E+0003	 4.71271381773041E+0005
 2.58500000000000E+0003	 4.72101524866852E+0005
 2.58600000000000E+0003	 4.72940030992548E+0005
 2.58700000000000E+0003	 4.73786904726786E+0005
 2.58800000000000E+0003	 4.74642150482954E+0005
 2.58900000000000E+0003	 4.75505772621173E+0005
 2.59000000000000E+0003	 4.76377775748544E+0005
 2.59100000000000E+0003	 4.77258164335219E+0005
 2.59200000000000E+0003	 4.78146942861348E+0005
 2.59300000000000E+0003	 4.79044115823737E+0005
 2.59400000000000E+0003	 4.79949798726970E+0005
 2.59500000000000E+0003	 4.80864357860335E+0005
 2.59600000000000E+0003	 4.81787825807125E+0005
 2.59700000000000E+0003	 4.82720207382638E+0005
 2.59800000000000E+0003	 4.83661507326755E+0005
 2.59900000000000E+0003	 4.84611730480578E+0005
 2.60000000000000E+0003	 4.85570881680610E+0005
 2.60100000000000E+0003	 4.86538965684112E+0005
 2.60200000000000E+0003	 4.87515987278033E+0005
 2.60300000000000E+0003	 4.88501908566802E+0005
 2.60400000000000E+0003	 4.89493917673799E+0005
 2.60500000000000E+0003	 4.90490320924411E+0005
 2.60600000000000E+0003	 4.91491120748302E+0005
 2.60700000000000E+0003	 4.92496319411428E+0005
 2.60800000000000E+0003	 4.93505914504678E+0005
 2.60900000000000E+0003	 4.94519903413573E+0005
 2.61000000000000E+0003	 4.95538288396138E+0005
 2.61100000000000E+0003	 4.96561071714981E+0005
 2.61200000000000E+0003	 4.97588255700682E+0005
 2.61300000000000E+0003	 4.98620312377756E+0005
 2.61400000000000E+0003	 4.99659247239983E+0005
 2.61500000000000E+0003	 5.00705290900591E+0005
 2.61600000000000E+0003	 5.01758447048236E+0005
 2.61700000000000E+0003	 5.02818719471369E+0005
 2.61800000000000E+0003	 5.03886111885339E+0005
 2.61900000000000E+0003	 5.04960627914055E+0005
 2.62000000000000E+0003	 5.06042271307806E+0005
 2.62100000000000E+0003	 5.07131045826583E+0005
 2.62200000000000E+0003	 5.08226955095940E+0005
 2.62300000000000E+0003	 5.09330002772941E+0005
 2.62400000000000E+0003	 5.10440192618458E+0005
 2.62500000000000E+0003	 5.11557528339758E+0005
 2.62600000000000E+0003	 5.12682013638227E+0005
 2.62700000000000E+0003	 5.13813652277546E+0005
 2.62800000000000E+0003	 5.14952447933372E+0005
 2.62900000000000E+0003	 5.16098404376625E+0005
 2.63000000000000E+0003	 5.17251525449964E+0005
 2.63100000000000E+0003	 5.18411814845280E+0005
 2.63200000000000E+0003	 5.19578593974250E+0005
 2.63300000000000E+0003	 5.20746673337473E+0005
 2.63400000000000E+0003	 5.21914974563936E+0005
 2.63500000000000E+0003	 5.23083497749929E+0005
 2.63600000000000E+0003	 5.24252243023165E+0005
 2.63700000000000E+0003	 5.25421210488875E+0005
 2.63800000000000E+0003	 5.26590400198424E+0005
 2.63900000000000E+0003	 5.27759812202332E+0005
 2.64000000000000E+0003	 5.28929446697276E+0005
 2.64100000000000E+0003	 5.30099303738356E+0005
 2.64200000000000E+0003	 5.31269380101577E+0005
 2.64300000000000E+0003	 5.32439672562677E+0005
 2.64400000000000E+0003	 5.33610181200077E+0005
 2.64500000000000E+0003	 5.34780906105047E+0005
 2.64600000000000E+0003	 5.35951847444248E+0005
 2.64700000000000E+0003	 5.37123005227365E+0005
 2.64800000000000E+0003	 5.38294379612387E+0005
 2.64900000000000E+0003	 5.39465970810236E+0005
 2.65000000000000E+0003	 5.40637778835644E+0005
 2.65100000000000E+0003	 5.41809835734673E+0005
 2.65200000000000E+0003	 5.42982984104489E+0005
 2.65300000000000E+0003	 5.44157598510545E+0005
 2.65400000000000E+0003	 5.45333679668156E+0005
 2.65500000000000E+0003	 5.46511228387991E+0005
 2.65600000000000E+0003	 5.47690245384151E+0005
 2.65700000000000E+0003	 5.48870731342126E+0005
 2.65800000000000E+0003	 5.50052687075147E+0005
 2.65900000000000E+0003	 5.51236113293555E+0005
 2.66000000000000E+0003	 5.52421010876407E+0005
 2.66100000000000E+0003	 5.53607380607401E+0005
 2.66200000000000E+0003	 5.54795223167737E+0005
 2.66300000000000E+0003	 5.55984539348776E+0005
 2.66400000000000E+0003	 5.57175329970752E+0005
 2.66500000000000E+0003	 5.58367595712031E+0005
 2.66600000000000E+0003	 5.59561337268021E+0005
 2.66700000000000E+0003	 5.60756555435366E+0005
 2.66800000000000E+0003	 5.61953250978612E+0005
 2.66900000000000E+0003	 5.63151424626098E+0005
 2.67000000000000E+0003	 5.64351077186158E+0005
 2.67100000000000E+0003	 5.65549243202893E+0005
 2.67200000000000E+0003	 5.66742171459865E+0005
 2.67300000000000E+0003	 5.67929846891248E+0005
 2.67400000000000E+0003	 5.69112266768391E+0005
 2.67500000000000E+0003	 5.70289428239210E+0005
 2.67600000000000E+0003	 5.71461325719035E+0005
 2.67700000000000E+0003	 5.72627953552296E+0005
 2.67800000000000E+0003	 5.73789309043382E+0005
 2.67900000000000E+0003	 5.74945389543181E+0005
 2.68000000000000E+0003	 5.76096045800189E+0005
 2.68100000000000E+0003	 5.77238452205253E+0005
 2.68200000000000E+0003	 5.78371521606645E+0005
 2.68300000000000E+0003	 5.79495249389502E+0005
 2.68400000000000E+0003	 5.80609630741026E+0005
 2.68500000000000E+0003	 5.81714660969773E+0005
 2.68600000000000E+0003	 5.82810335409406E+0005
 2.68700000000000E+0003	 5.83896649291431E+0005
 2.68800000000000E+0003	 5.84973597840438E+0005
 2.68900000000000E+0003	 5.86041176362550E+0005
 2.69000000000000E+0003	 5.87098420842249E+0005
 2.69100000000000E+0003	 5.88141115476973E+0005
 2.69200000000000E+0003	 5.89168757968045E+0005
 2.69300000000000E+0003	 5.90181340560932E+0005
 2.69400000000000E+0003	 5.91178855671222E+0005
 2.69500000000000E+0003	 5.92161295613112E+0005
 2.69600000000000E+0003	 5.93128652728735E+0005
 2.69700000000000E+0003	 5.94080919294015E+0005
 2.69800000000000E+0003	 5.95018087704759E+0005
 2.69900000000000E+0003	 5.95940150246594E+0005
 2.70000000000000E+0003	 5.96847099160339E+0005
